<TICKER>,<PER>,<DATE>,<TIME>,<OPEN>,<HIGH>,<LOW>,<CLOSE>,<VOL>,<OPENINT>
BNRG.US,D,20220526,000000,1533,1592.5,1225.03,1295,1054.5828574592322,0
BNRG.US,D,20220527,000000,1246,1305.5,1155,1197,354.805714392156,0
BNRG.US,D,20220531,000000,1239,1270.5,962.5,1092,774.6371430895341,0
BNRG.US,D,20220601,000000,1074.5,1134,1057,1103.69,329.392857241675,0
BNRG.US,D,20220602,000000,1053.53,1081.5,1025.5,1036,262.26857150725203,0
BNRG.US,D,20220603,000000,1041.56,1078,983.5,1015,106.33142860332802,0
BNRG.US,D,20220606,000000,1064,1221.5,983.5,987,501.317143007538,0
BNRG.US,D,20220607,000000,1008,1043,962.5,1011.08,171.977142908736,0
BNRG.US,D,20220608,000000,1197,1197,1060.5,1106,554.754285880712,0
BNRG.US,D,20220609,000000,1088.5,1088.5,1036,1050,58.151428588874005,0
BNRG.US,D,20220610,000000,990.5,1085,990.5,1032.5,11.822857146404,0
BNRG.US,D,20220613,000000,1022,1071,976.5,1037.75,128.094285752714,0
BNRG.US,D,20220614,000000,1018.5,1060.5,966,1049.09,16.248571433446,0
BNRG.US,D,20220615,000000,1022,1022,980,1015,29.677142866046005,0
BNRG.US,D,20220616,000000,962.5,979.965,896,961.17,48.802857157498,0
BNRG.US,D,20220617,000000,979.965,1046.5,959,1018.5,91.325714313112,0
BNRG.US,D,20220621,000000,1050,1050,1050,1050,3.5171428581980004,0
BNRG.US,D,20220622,000000,1113,1144.5,1099,1137.5,133.648571468666,0
BNRG.US,D,20220623,000000,1134,1190,1120,1183.8,106.44285717479,0
BNRG.US,D,20220624,000000,1191.75,1225,1134,1144.5,64.262857162136,0
BNRG.US,D,20220627,000000,1137.5,1221.46,1106,1127,161.61714290562801,0
BNRG.US,D,20220628,000000,1179.5,1365,1162.03,1235.5,182.617142911928,0
BNRG.US,D,20220629,000000,1225,1263.11,1172.67,1200.5,90.72857145579,0
BNRG.US,D,20220630,000000,1162,1232,1069.25,1228.5,50.394285729404004,0
BNRG.US,D,20220701,000000,1172.53,1305.5,1172.53,1172.53,72.797142878982,0
BNRG.US,D,20220705,000000,1109.5,1112.96,1055.25,1064,143.35428575729202,0
BNRG.US,D,20220706,000000,1057,1116.5,1057,1076.25,53.851428587584,0
BNRG.US,D,20220707,000000,1099,1235.5,1092,1184.75,23.837142864294005,0
BNRG.US,D,20220708,000000,1204,1225,1102.5,1172.5,32.98571429561,0
BNRG.US,D,20220711,000000,1365,1365,1155,1193.5,150.13714290218402,0
BNRG.US,D,20220712,000000,1141,1254.99,1127,1193.5,39.95714286913,0
BNRG.US,D,20220713,000000,1189.96,1295,1189.96,1244.18,26.420000007926003,0
BNRG.US,D,20220714,000000,1141,1183,1127,1141,71.145714307058,0
BNRG.US,D,20220715,000000,1197,1197,1155,1158.5,12.177142860796,0
BNRG.US,D,20220718,000000,1168.96,1172.5,1137.5,1141,46.84285715691,0
BNRG.US,D,20220719,000000,1158.5,1228.5,1130.5,1172.5,28.971428580120005,0
BNRG.US,D,20220720,000000,1172.5,1274,1172.5,1238.96,13.297142861132,0
BNRG.US,D,20220721,000000,1220.34,1322.33,1211,1289.75,107.81428574663002,0
BNRG.US,D,20220722,000000,1393,1393,1314.77,1326.5,83.24285716783001,0
BNRG.US,D,20220725,000000,1277.5,1431.46,1274,1375.67,177.27714291032603,0
BNRG.US,D,20220726,000000,1333.5,1358,1302.03,1335.25,101.70857145908401,0
BNRG.US,D,20220727,000000,1337,1399.96,1309,1354.5,98.17142860088002,0
BNRG.US,D,20220728,000000,1326.5,1361.5,1326.15,1337,123.44857146560601,0
BNRG.US,D,20220729,000000,1382.46,1452.46,1337,1347.5,322.27714295382606,0
BNRG.US,D,20220801,000000,1316,1347.5,1256.5,1289.75,231.945714355298,0
BNRG.US,D,20220802,000000,1319.46,1319.5,1277.5,1281.03,51.937142872724,0
BNRG.US,D,20220803,000000,1299.72,1364.96,1294.96,1314.25,65.56000001966801,0
BNRG.US,D,20220804,000000,1312.5,1364.96,1298.5,1298.5,14.934285718766002,0
BNRG.US,D,20220805,000000,1330,1347.5,1298.5,1302.52,30.691428580636003,0
BNRG.US,D,20220808,000000,1349.25,1396.5,1298.53,1375.5,70.94571430699801,0
BNRG.US,D,20220809,000000,1421,1470,1351,1466.5,202.95428577517202,0
BNRG.US,D,20220810,000000,1480.5,1480.5,1330,1337,236.56285721382602,0
BNRG.US,D,20220811,000000,1354.46,1382.5,1347.5,1370.25,57.820000017346004,0
BNRG.US,D,20220812,000000,1362.41,1393.66,1351,1382.5,27.520000008256,0
BNRG.US,D,20220815,000000,1354.39,1431.5,1347.71,1372,23.040000006912003,0
BNRG.US,D,20220816,000000,1421.84,1422.29,1386,1393,36.75714286817001,0
BNRG.US,D,20220817,000000,1382.53,1396.5,1330,1368.5,45.260000013578,0
BNRG.US,D,20220818,000000,1380.96,1396.5,1368.53,1372,19.900000005970004,0
BNRG.US,D,20220819,000000,1424.5,1424.5,1365,1372,10.911428574702,0
BNRG.US,D,20220822,000000,1333.5,1410.46,1333.5,1391.42,45.477142870786,0
BNRG.US,D,20220823,000000,1407,1407,1379,1396.5,5.540000001662,0
BNRG.US,D,20220824,000000,1386,1416.97,1386,1393,20.145714291758004,0
BNRG.US,D,20220825,000000,1414,1433.07,1386,1400,23.897142864312002,0
BNRG.US,D,20220826,000000,1435,1435,1375.5,1379,24.494285721634004,0
BNRG.US,D,20220829,000000,1393.14,1396.5,1368.5,1386,4.748571429996001,0
BNRG.US,D,20220830,000000,1377.14,1414,1347.5,1389.5,38.642857154450006,0
BNRG.US,D,20220831,000000,1379,1459.5,1372,1452.5,84.67714288254601,0
BNRG.US,D,20220901,000000,1431.5,1435,1382.5,1417.5,58.30857144606401,0
BNRG.US,D,20220902,000000,1462.96,1462.96,1365,1391.25,29.517142865998004,0
BNRG.US,D,20220906,000000,1372,1424.5,1361.5,1393,85.965714311504,0
BNRG.US,D,20220907,000000,1354.5,1392.82,1351.52,1361.5,62.925714304592006,0
BNRG.US,D,20220908,000000,1319.5,1385.96,1319.5,1354.5,46.920000014076,0
BNRG.US,D,20220909,000000,1463,1463,1347.5,1351,19.482857148702,0
BNRG.US,D,20220912,000000,1368.5,1389.46,1347.5,1354.5,9.665714288614,0
BNRG.US,D,20220913,000000,1375.5,1375.5,1319.5,1330,76.57428573725801,0
BNRG.US,D,20220914,000000,1351,1438.5,1326.5,1361.5,63.802857161998006,0
BNRG.US,D,20220915,000000,1354.5,1382.5,1337,1346.97,49.95142858641401,0
BNRG.US,D,20220916,000000,1354.5,1408.75,1321.25,1365,12.457142860880001,0
BNRG.US,D,20220919,000000,1344,1344,1284.5,1310.82,79.55142859529401,0
BNRG.US,D,20220920,000000,1337,1356.07,1281,1289.75,28.917142865818,0
BNRG.US,D,20220921,000000,1281,1351,1281,1351,6.691428573436001,0
BNRG.US,D,20220922,000000,1295,1337.45,1281,1323,42.980000012894,0
BNRG.US,D,20220923,000000,1389.46,1389.46,1263.5,1279.25,14.94285714734,0
BNRG.US,D,20220926,000000,1295.03,1358,1295.03,1345.75,12.162857146506001,0
BNRG.US,D,20220927,000000,1319.5,1337,1305.5,1305.5,7.617142859428001,0
BNRG.US,D,20220928,000000,1270.46,1299.27,1253,1287.96,26.408571436494004,0
BNRG.US,D,20220929,000000,1270.5,1349.32,1263.5,1349.32,5.391428573046,0
BNRG.US,D,20220930,000000,1330.03,1333.08,1263.5,1308.96,36.448571439506004,0
BNRG.US,D,20221003,000000,1263.5,1365,1252.96,1321.6,61.84285716141,0
BNRG.US,D,20221004,000000,1284.5,1308.96,1263.5,1308.96,3.6600000010980005,0
BNRG.US,D,20221005,000000,1291.95,1356.25,1284.5,1323,9.477142859986001,0
BNRG.US,D,20221006,000000,1316,1344.87,1256.5,1263.53,46.608571442554,0
BNRG.US,D,20221007,000000,1305.5,1305.5,1092,1135.75,104.25142860270401,0
BNRG.US,D,20221010,000000,1141.03,1224.09,1120,1151.5,37.20000001116,0
BNRG.US,D,20221011,000000,1183.03,1204,1158.5,1180.2,31.482857152302003,0
BNRG.US,D,20221012,000000,1190.07,1195.25,1162,1176,23.01428572119,0
BNRG.US,D,20221013,000000,1233.75,1233.75,1218,1218,8.600000002580002,0
BNRG.US,D,20221014,000000,1281,1281,1242.5,1242.5,0.6342857144760001,0
BNRG.US,D,20221017,000000,1267,1284.5,1249.53,1275.05,13.205714289676001,0
BNRG.US,D,20221018,000000,1274,1274,1232,1232,29.140000008742,0
BNRG.US,D,20221019,000000,1232,1241.13,1172.5,1222.27,24.245714292988,0
BNRG.US,D,20221020,000000,1120,1181.95,1120,1148.14,36.880000011064006,0
BNRG.US,D,20221021,000000,1200.5,1200.5,1116.5,1134.66,12.020000003606,0
BNRG.US,D,20221024,000000,1134,1144.85,1106,1127,82.274285738968,0
BNRG.US,D,20221025,000000,1092,1158.74,1015,1039.5,82.55714288191,0
BNRG.US,D,20221026,000000,1046.5,1071.52,1046.5,1071.52,3.2342857152560005,0
BNRG.US,D,20221027,000000,1011.5,1041.25,1011.5,1032.53,59.88857144653801,0
BNRG.US,D,20221028,000000,1029,1078,1029,1060.5,3.6885714296780003,0
BNRG.US,D,20221031,000000,1060.5,1060.5,973,995.75,80.860000024258,0
BNRG.US,D,20221101,000000,994,1008,994,1008,1.274285714668,0
BNRG.US,D,20221102,000000,980,997.5,882.035,892.5,84.460000025338,0
BNRG.US,D,20221103,000000,833,875,812,819,134.174285754538,0
BNRG.US,D,20221104,000000,901.355,910,843.5,875,15.434285718916001,0
BNRG.US,D,20221107,000000,819,864.5,805,861,38.468571440112,0
BNRG.US,D,20221108,000000,843.5,850.115,756,801.5,65.98571430551,0
BNRG.US,D,20221109,000000,773.5,783.825,763,783.825,12.814285718130002,0
BNRG.US,D,20221110,000000,749,847.315,749,823.9,50.514285729440005,0
BNRG.US,D,20221111,000000,846.65,847,826,847,4.922857144334,0
BNRG.US,D,20221114,000000,770,819,770,819,43.994285727484,0
BNRG.US,D,20221115,000000,763,840,745.5,809.515,40.822857155104,0
BNRG.US,D,20221116,000000,738.5,769.965,700,700,84.76285716828602,0
BNRG.US,D,20221117,000000,651,717.5,633.5,640.5,148.71428575890002,0
BNRG.US,D,20221118,000000,661.5,661.5,654.5,654.5,1.9857142863100001,0
BNRG.US,D,20221121,000000,626.5,626.5,584.5,619.43,67.740000020322,0
BNRG.US,D,20221122,000000,577.5,602,549.5,574,109.39142860424602,0
BNRG.US,D,20221123,000000,549.5,556.5,521.5,525,37.805714297056,0
BNRG.US,D,20221125,000000,542.5,614.845,542.5,598.5,28.725714294332004,0
BNRG.US,D,20221128,000000,539,539,518,528.5,97.69714288645201,0
BNRG.US,D,20221129,000000,518,518,518,518,1.760000000528,0
BNRG.US,D,20221130,000000,476,514.5,455,500.85,333.265714385694,0
BNRG.US,D,20221201,000000,500.5,525,500.5,514.5,98.77714288677602,0
BNRG.US,D,20221202,000000,525,549.5,525,546,224.705714353126,0
BNRG.US,D,20221205,000000,528.5,574,518,525,134.977142897636,0
BNRG.US,D,20221206,000000,551.25,588,549.5,576.625,209.52285720571402,0
BNRG.US,D,20221207,000000,598.5,598.5,519.26,574,188.868571485232,0
BNRG.US,D,20221208,000000,542.5,574,525,525,15.645714290408002,0
BNRG.US,D,20221209,000000,567,567,567,567,0.54285714302,0
BNRG.US,D,20221212,000000,518,535.5,514.5,535.5,3.482857143902,0
BNRG.US,D,20221213,000000,550.865,560,542.5,559.825,23.45714286418,0
BNRG.US,D,20221214,000000,532,577.5,532,560,7.6771428594460005,0
BNRG.US,D,20221215,000000,528.5,546,518,546,30.125714294752,0
BNRG.US,D,20221216,000000,521.5,521.5,497,518,19.58571429159,0
BNRG.US,D,20221219,000000,493.5,525.035,430.5,462,20.334285720386003,0
BNRG.US,D,20221220,000000,488.32,488.32,479.5,482.72,14.131428575668002,0
BNRG.US,D,20221221,000000,476,508.48,476,508.48,5.385714287330001,0
BNRG.US,D,20221222,000000,547.47,553,507.5,507.5,6.982857144952001,0
BNRG.US,D,20221223,000000,539,539,535.5,535.5,0.620000000186,0
BNRG.US,D,20221227,000000,486.5,490,469,481.25,16.474285719228,0
BNRG.US,D,20221228,000000,483,525,477.75,493.5,42.67142858423,0
BNRG.US,D,20221229,000000,486.5,497,459.865,472.5,11.774285717818001,0
BNRG.US,D,20221230,000000,518,518,480.235,480.235,1.2828571432420002,0
BNRG.US,D,20230103,000000,528.5,553,521.5,542.5,67.605714305996,0
BNRG.US,D,20230104,000000,553,553,549.5,553,24.820000007446005,0
BNRG.US,D,20230105,000000,521.5,539,518,539,10.691428574636001,0
BNRG.US,D,20230106,000000,559.965,559.965,528.92,556.5,6.997142859242,0
BNRG.US,D,20230110,000000,551.25,553,549.5,549.5,1.191428571786,0
BNRG.US,D,20230111,000000,567,567,549.5,567,21.891428577996003,0
BNRG.US,D,20230112,000000,602,602,595,595,0.8771428574060001,0
BNRG.US,D,20230117,000000,651,682.5,651,682.5,20.354285720392,0
BNRG.US,D,20230118,000000,703.5,703.5,675.5,689.5,28.74285715148,0
BNRG.US,D,20230119,000000,588,588,560,560,1.50000000045,0
BNRG.US,D,20230120,000000,574,654.5,574,630,8.708571431184001,0
BNRG.US,D,20230123,000000,588,700,588,640.465,6.894285716354,0
BNRG.US,D,20230124,000000,644,703.5,640.5,703.5,9.837142860094001,0
BNRG.US,D,20230125,000000,700,700,650.37,679,11.234285717656,0
BNRG.US,D,20230126,000000,644,649.25,607.25,644,13.78571428985,0
BNRG.US,D,20230127,000000,651,654.5,624.855,654.5,10.745714288938,0
BNRG.US,D,20230130,000000,595,598.5,574.28,595,38.051428582844004,0
BNRG.US,D,20230131,000000,577.5,582.75,567,577.5,16.557142862110002,0
BNRG.US,D,20230201,000000,577.5,577.5,560,567,17.862857148216,0
BNRG.US,D,20230202,000000,567,630,567,598.99,43.048571441486,0
BNRG.US,D,20230203,000000,623,623,563.57,577.5,14.280000004284,0
BNRG.US,D,20230206,000000,616,661.5,563.5,616,12.105714289346,0
BNRG.US,D,20230207,000000,567,570.5,556.5,556.5,17.514285719540002,0
BNRG.US,D,20230208,000000,542.5,546,533.75,533.75,10.874285717548002,0
BNRG.US,D,20230209,000000,560,560,525,525.035,6.07142857325,0
BNRG.US,D,20230210,000000,528.535,528.535,528.535,528.535,0.6000000001800001,0
BNRG.US,D,20230213,000000,574,574,574,574,0.6000000001800001,0
BNRG.US,D,20230214,000000,577.5,577.5,553,553,3.9885714297680006,0
BNRG.US,D,20230215,000000,548.555,548.555,548.555,548.555,3.4657142867540003,0
BNRG.US,D,20230216,000000,577.5,577.5,539,539,4.354285715592001,0
BNRG.US,D,20230217,000000,570.5,577.5,556.5,560,20.794285720524,0
BNRG.US,D,20230221,000000,553,644,553,637,242.80714292998502,0
BNRG.US,D,20230222,000000,654.5,661.5,608.93,640.08,61.565714304184,0
BNRG.US,D,20230223,000000,581,598.5,507.535,549.5,119.77142860736001,0
BNRG.US,D,20230224,000000,549.5,549.5,525,535.5,20.465714291854,0
BNRG.US,D,20230227,000000,553,553,507.5,514.5,23.151428578374002,0
BNRG.US,D,20230228,000000,514.5,521.5,514.5,520.625,11.620000003486002,0
BNRG.US,D,20230301,000000,518,518,507.5,511,52.50571430146601,0
BNRG.US,D,20230302,000000,507.5,507.5,465.5,500.5,41.691428583936,0
BNRG.US,D,20230303,000000,486.08,497,467.215,493.465,39.722857154774005,0
BNRG.US,D,20230306,000000,500.5,509.25,500.5,509.25,4.448571429906001,0
BNRG.US,D,20230307,000000,503.895,503.895,472.01,488.25,2.074285714908,0
BNRG.US,D,20230308,000000,501.55,501.55,501.55,501.55,0.38571428583000006,0
BNRG.US,D,20230309,000000,493.5,493.5,465.5,465.85,6.954285716372,0
BNRG.US,D,20230310,000000,479.5,542.5,476.77,476.77,9.008571431274001,0
BNRG.US,D,20230313,000000,472.5,472.5,470.75,470.75,2.18571428637,0
BNRG.US,D,20230314,000000,475.475,500.5,475.475,480.025,15.351428576034,0
BNRG.US,D,20230315,000000,490,490,472.745,480.55,10.508571431724,0
BNRG.US,D,20230316,000000,455,455,455,455,5.034285715796001,0
BNRG.US,D,20230317,000000,458.5,479.71,458.5,458.5,2.5857142864900005,0
BNRG.US,D,20230320,000000,497,497,476,476,2.1742714292237104,0
BNRG.US,D,20230321,000000,486.5,486.5,444.5,444.5,1.4371428575740002,0
BNRG.US,D,20230322,000000,487.27,493.5,472.5,493.5,5.91428571606,0
BNRG.US,D,20230323,000000,476,476,455,472.5,3.725714286832,0
BNRG.US,D,20230327,000000,416.5,422.555,392.21,402.5,31.685714295220006,0
BNRG.US,D,20230328,000000,402.5,409.5,402.5,402.5,14.202857147118001,0
BNRG.US,D,20230329,000000,378,378,329,329.035,31.965714295304,0
BNRG.US,D,20230330,000000,301.14,350,301.14,350,17.548571433836003,0
BNRG.US,D,20230331,000000,349.965,350,343,343,3.888571429738,0
BNRG.US,D,20230403,000000,341.495,349.755,341.495,346.5,3.151428572374,0
BNRG.US,D,20230404,000000,357,357,308.105,308.105,17.325714290912,0
BNRG.US,D,20230405,000000,311.5,311.5,311.5,311.5,1.3285714289700001,0
BNRG.US,D,20230410,000000,385,962.5,385,472.5,36382.7142966291,0
BNRG.US,D,20230411,000000,577.5,948.5,490.07,822.5,47499.7142999642,0
BNRG.US,D,20230412,000000,798,980,640.5,640.5,12493.300003747992,0
BNRG.US,D,20230413,000000,605.5,640.5,542.5,577.5,1447.3142861484803,0
BNRG.US,D,20230414,000000,542.5,553,430.5,493.5,795.980000238794,0
BNRG.US,D,20230417,000000,504,514.535,455,479.5,390.780000117234,0
BNRG.US,D,20230418,000000,469,497,444.5,448,522.687143013949,0
BNRG.US,D,20230419,000000,441,462,378,416.5,568.102857313288,0
BNRG.US,D,20230420,000000,451.5,521.5,448,463.75,1518.04285759827,0
BNRG.US,D,20230421,000000,451.5,465.5,395.5,420,216.02857149338,0
BNRG.US,D,20230424,000000,423.5,430.5,395.5,410.2,123.73714289426401,0
BNRG.US,D,20230425,000000,406,454.3,395.5,395.5,267.960000080388,0
BNRG.US,D,20230426,000000,419.965,482.265,395.5,413,804.134285955526,0
BNRG.US,D,20230427,000000,399,416.535,395.5,416.535,125.217142894708,0
BNRG.US,D,20230428,000000,413,426.475,371,403.375,67.84285716321,0
BNRG.US,D,20230501,000000,367.5,388.5,360.5,367.5,148.21428575875,0
BNRG.US,D,20230502,000000,364,375.9,353.5,353.5,125.08857146609802,0
BNRG.US,D,20230503,000000,350,374.5,339.5,374.5,73.68857145067801,0
BNRG.US,D,20230504,000000,353.5,367.5,332.5,339.5,100.108571458604,0
BNRG.US,D,20230505,000000,346.5,363.055,346.43,353.5,107.37714288935601,0
BNRG.US,D,20230508,000000,367.5,367.5,346.5,364,73.00000002190001,0
BNRG.US,D,20230509,000000,364,367.5,346.5,353.5,55.962857159646006,0
BNRG.US,D,20230510,000000,353.5,360.5,346.5,350,119.305714321506,0
BNRG.US,D,20230511,000000,350,350,314.824,329.106,150.1428571879,0
BNRG.US,D,20230512,000000,328.65,328.65,313.145,315.035,38.84285715451,0
BNRG.US,D,20230515,000000,315,322,313.495,318.5,61.24000001837201,0
BNRG.US,D,20230516,000000,315.07,336.035,304.535,315,127.951428609814,0
BNRG.US,D,20230517,000000,311.5,338.38,311.5,325.675,175.51142862408201,0
BNRG.US,D,20230518,000000,328.09,328.09,318.22,319.48,14.565714290084001,0
BNRG.US,D,20230519,000000,319.34,329,319.34,323.645,22.071428578050003,0
BNRG.US,D,20230522,000000,322.98,322.98,309.75,311.57,33.602857152938,0
BNRG.US,D,20230523,000000,305.375,353.5,305.375,344.75,115.18571432027001,0
BNRG.US,D,20230524,000000,338.555,346.465,320.337,325.5,126.11428575212,0
BNRG.US,D,20230525,000000,336,395.395,335.037,367.5,496.025714434522,0
BNRG.US,D,20230526,000000,385,388.745,350,369.25,266.80000008004004,0
BNRG.US,D,20230530,000000,381.5,451.5,332.5,374.5,2450.6857150209203,0
BNRG.US,D,20230531,000000,374.5,374.5,340.2,357,332.317142956838,0
BNRG.US,D,20230601,000000,341.25,353.5,314.79,343,219.76857149450203,0
BNRG.US,D,20230602,000000,346.5,353.5,329,346.465,152.43142861715802,0
BNRG.US,D,20230605,000000,339.99,346.465,322,325.5,193.620000058086,0
BNRG.US,D,20230606,000000,339.465,339.5,325.5,334.95,47.642857157150004,0
BNRG.US,D,20230607,000000,342.965,342.965,329,333.445,95.30000002859,0
BNRG.US,D,20230608,000000,339.535,343,322,343,98.33714288664402,0
BNRG.US,D,20230609,000000,346.465,349.965,325.5,337.855,52.06285715847601,0
BNRG.US,D,20230612,000000,327.74,342.965,297.5,315,114.88571432018001,0
BNRG.US,D,20230613,000000,343,348.285,320.25,336.035,277.097142940272,0
BNRG.US,D,20230614,000000,346.5,346.5,331.695,331.975,44.020000013206,0
BNRG.US,D,20230615,000000,332.5,346.5,332.5,346.465,48.311428585922,0
BNRG.US,D,20230616,000000,350,350,336,341.95,53.53142858748801,0
BNRG.US,D,20230620,000000,336.175,346.395,336,341.985,59.74571430363801,0
BNRG.US,D,20230621,000000,344.82,344.82,332.5,336,60.637142875334,0
BNRG.US,D,20230622,000000,332.5,343,332.5,336,66.162857162706,0
BNRG.US,D,20230623,000000,346.5,353.36,332.5,332.5,27.785714294050003,0
BNRG.US,D,20230626,000000,332.535,349.965,331.17,338.415,21.617142863628,0
BNRG.US,D,20230627,000000,322,343,322,338.415,21.580000006474002,0
BNRG.US,D,20230628,000000,332.5,335.545,332.5,335.545,19.445714291548,0
BNRG.US,D,20230629,000000,317.1,335.965,315,324.52,30.308571437664003,0
BNRG.US,D,20230630,000000,324.52,328.702,311.5,328.702,26.554285722252,0
BNRG.US,D,20230703,000000,326.55,326.55,309.54,311.5,43.674142870245106,0
BNRG.US,D,20230705,000000,332.5,332.535,313.25,323.75,45.022857156364005,0
BNRG.US,D,20230706,000000,322,332.5,322,332.325,2.1514285720740003,0
BNRG.US,D,20230707,000000,332.29,332.29,308,318.5,21.474285720728002,0
BNRG.US,D,20230710,000000,334.425,334.425,304.535,316.902,15.977142861936002,0
BNRG.US,D,20230711,000000,320.075,329,313.25,318.5,25.07142857895,0
BNRG.US,D,20230712,000000,308,318.5,301,309.75,50.897142872412,0
BNRG.US,D,20230713,000000,302.155,325.202,302.155,313.552,73.937142879324,0
BNRG.US,D,20230714,000000,313.46,329,308,320.088,33.291428581416,0
BNRG.US,D,20230717,000000,311.5,323.645,304.535,322.787,6.25714285902,0
BNRG.US,D,20230718,000000,318.5,320.25,318.5,320.25,2.9542857151720003,0
BNRG.US,D,20230719,000000,330.05,330.05,325.5,325.5,29.622857151744004,0
BNRG.US,D,20230720,000000,332.5,332.5,322,329,46.360000013908,0
BNRG.US,D,20230721,000000,322,330.148,322,330.148,2.4000000007200004,0
BNRG.US,D,20230724,000000,318.5,322,315,318.5,36.097142867972,0
BNRG.US,D,20230725,000000,301,318.535,297.5,308.035,32.45714286688,0
BNRG.US,D,20230726,000000,297.5,481.285,297.5,323.26,11198.41428907381,0
BNRG.US,D,20230727,000000,332.465,332.5,297.675,318.535,519.6142858701701,0
BNRG.US,D,20230728,000000,322,330.05,304.885,308,307.520000092256,0
BNRG.US,D,20230731,000000,322.447,322.447,273.7,304.639,607.7028573251681,0
BNRG.US,D,20230801,000000,295.505,304.465,276.85,295.275,172.108571480204,0
BNRG.US,D,20230802,000000,292.25,294,273.84,290.465,143.86285718601602,0
BNRG.US,D,20230803,000000,281.155,288.873,273,285.25,43.3884285844451,0
BNRG.US,D,20230804,000000,276.5,297.202,276.5,284.725,37.70000001131,0
BNRG.US,D,20230807,000000,285.775,300.475,285.74,293.965,21.92857143515,0
BNRG.US,D,20230808,000000,276.185,294,276.185,293.65,33.011428581332005,0
BNRG.US,D,20230809,000000,293.65,295.694,283.5,294,105.61714288882801,0
BNRG.US,D,20230810,000000,283.5,286.965,269.5,273,66.274285734168,0
BNRG.US,D,20230811,000000,280,287,273,276.5,43.782857155992005,0
BNRG.US,D,20230814,000000,283.5,283.535,270.025,280,32.297142866832004,0
BNRG.US,D,20230815,000000,278.25,286.964,266,269.5,121.35142860783401,0
BNRG.US,D,20230816,000000,275.465,275.465,257.215,259,81.06571431003401,0
BNRG.US,D,20230817,000000,257.25,262.5,257.25,262.5,20.520000006156,0
BNRG.US,D,20230818,000000,260.75,282.117,260.382,273,17.240000005172003,0
BNRG.US,D,20230821,000000,264.25,264.372,255.5,255.5,34.908571439044,0
BNRG.US,D,20230822,000000,275.345,283.5,255.5,255.85,36.014285725090005,0
BNRG.US,D,20230823,000000,259,280,259,276.5,52.75714287297001,0
BNRG.US,D,20230824,000000,255.5,276.5,252,259,66.84285716291001,0
BNRG.US,D,20230825,000000,252.035,273,252,252.035,69.860000020958,0
BNRG.US,D,20230828,000000,252,252.07,234.5,248.5,52.10285715848801,0
BNRG.US,D,20230829,000000,248.5,270.795,192.5,226.03,729.065714504434,0
BNRG.US,D,20230830,000000,231.14,262.535,228.2,259,261.568571507042,0
BNRG.US,D,20230831,000000,264.25,273,253.225,259,87.68571431202,0
BNRG.US,D,20230901,000000,266,273,246.505,268.054,16.525714290672003,0
BNRG.US,D,20230905,000000,262.5,269.325,243.005,248.535,23.025714292622002,0
BNRG.US,D,20230906,000000,258.965,287,258.965,283.465,163.70000004911003,0
BNRG.US,D,20230907,000000,269.5,286.965,269.5,269.5,91.825714313262,0
BNRG.US,D,20230908,000000,286.65,286.965,271.705,279.965,40.365714297824006,0
BNRG.US,D,20230911,000000,286.65,286.65,263.445,279.965,91.53142859888801,0
BNRG.US,D,20230912,000000,287,287,269.5,286.65,5.945714287498,0
BNRG.US,D,20230913,000000,283.5,283.5,262.85,283.5,49.202857157618006,0
BNRG.US,D,20230914,000000,272.545,279.064,241.29,255.5,118.294285749774,0
BNRG.US,D,20230915,000000,245,266.403,210,229.699,125.194285751844,0
BNRG.US,D,20230918,000000,220.5,250.25,220.5,241.5,51.845714301268,0
BNRG.US,D,20230919,000000,255.43,255.43,227.5,241.15,69.54285716372,0
BNRG.US,D,20230920,000000,251.265,251.3,231.035,245,6.771428573460001,0
BNRG.US,D,20230921,000000,241.5,241.5,231,241.5,4.508571429924,0
BNRG.US,D,20230922,000000,241.5,241.5,231,231.35,23.794285721424004,0
BNRG.US,D,20230925,000000,231,241.5,231,231,15.857142861900002,0
BNRG.US,D,20230926,000000,231.35,231.35,210,223.965,69.480000020844,0
BNRG.US,D,20230927,000000,237.3,240.8,228.55,240.8,16.0370000048111,0
BNRG.US,D,20230928,000000,240.1,240.1,225.575,240.1,7.794285716624001,0
BNRG.US,D,20230929,000000,240.1,240.1,226.415,240.1,11.680000003504002,0
BNRG.US,D,20231002,000000,228.095,236.145,220.5,234.5,40.02857144058,0
BNRG.US,D,20231003,000000,233.1,252,231.088,241.5,28.011428579832003,0
BNRG.US,D,20231004,000000,217.21,238,217.21,238,4.317142858438,0
BNRG.US,D,20231005,000000,234.5,234.5,222.075,222.075,9.162857145606,0
BNRG.US,D,20231006,000000,230.653,238.638,227.5,227.5,23.517142864198004,0
BNRG.US,D,20231009,000000,210,236.95,210,227.465,31.097142866472005,0
BNRG.US,D,20231010,000000,229.25,240.8,227.535,234.15,27.460000008238,0
BNRG.US,D,20231011,000000,245,245,220.15,230.65,765.1857145152701,0
BNRG.US,D,20231012,000000,220.29,234.5,203.42,213.85,112.80857146241401,0
BNRG.US,D,20231013,000000,213.833,227.5,213.535,227.5,58.454285731822004,0
BNRG.US,D,20231016,000000,252,287,241.5,259,439.20857156033406,0
BNRG.US,D,20231017,000000,259,259,234.5,255.5,79.522857166714,0
BNRG.US,D,20231018,000000,255.5,265.702,241.5,251.65,65.108571448104,0
BNRG.US,D,20231019,000000,271.145,271.145,237.615,255.5,23.985714292910004,0
BNRG.US,D,20231020,000000,248.43,252,234.535,250.277,54.574285730658005,0
BNRG.US,D,20231023,000000,241.5,255.5,234.5,241.5,51.631428586918005,0
BNRG.US,D,20231024,000000,234.5,249.322,199.535,238,82.31428573898002,0
BNRG.US,D,20231025,000000,222.25,235.287,217,230.65,28.605714294296003,0
BNRG.US,D,20231026,000000,219.984,219.984,205.835,206.5,66.582857162832,0
BNRG.US,D,20231027,000000,228.252,228.252,199.5,199.5,29.240000008772004,0
BNRG.US,D,20231030,000000,192.605,224,182,223.965,69.76285716378601,0
BNRG.US,D,20231031,000000,227.465,227.465,183.575,206.15,53.974285730478,0
BNRG.US,D,20231101,000000,191.275,203,185.5,203,59.108571446304005,0
BNRG.US,D,20231102,000000,206.5,227.465,197.96,213.5,39.302857154648,0
BNRG.US,D,20231103,000000,213.5,243.25,201.337,231.7,40.074285726308,0
BNRG.US,D,20231106,000000,235.865,235.865,206.535,234.15,44.88571429918,0
BNRG.US,D,20231107,000000,231,237.265,206.5,228.549,88.12571431215201,0
BNRG.US,D,20231108,000000,224,224,206.5,216.965,19.788571434508004,0
BNRG.US,D,20231109,000000,231,234.465,216.895,216.895,12.47142857517,0
BNRG.US,D,20231110,000000,230.16,230.16,227.5,227.5,2.397142857862,0
BNRG.US,D,20231113,000000,227.29,227.465,206.5,224,16.8941428622111,0
BNRG.US,D,20231114,000000,210.035,231,210.035,230.615,30.197142866202,0
BNRG.US,D,20231115,000000,220.307,230.615,217,217,8.937142859824002,0
BNRG.US,D,20231116,000000,231,231,210,216.3,8.874285716948,0
BNRG.US,D,20231117,000000,224,224,224,224,0.7142857145000001,0
BNRG.US,D,20231120,000000,210,224,206.675,206.71,43.55714287021,0
BNRG.US,D,20231121,000000,215.39,223.965,213.5,220.5,16.060000004818,0
BNRG.US,D,20231122,000000,225.75,241.5,214.375,231,30.44285715199,0
BNRG.US,D,20231124,000000,245,245,213.36,231,17.3227142909111,0
BNRG.US,D,20231127,000000,241.5,241.5,231,231,1.9857142863100001,0
BNRG.US,D,20231128,000000,227.325,227.325,213.5,213.5,9.04285714557,0
BNRG.US,D,20231129,000000,213.5,241.5,192.5,213.5,88.86857145523201,0
BNRG.US,D,20231130,000000,192.675,220.465,190.348,192.5,290.68285723006204,0
BNRG.US,D,20231201,000000,203,223.965,189,222.6,342.234285816956,0
BNRG.US,D,20231204,000000,212.338,212.338,193.2,203.7,303.22857151954,0
BNRG.US,D,20231205,000000,201.253,227.15,201.253,216.125,282.31428579898005,0
BNRG.US,D,20231206,000000,213.503,222.145,210.35,213.5,156.48571433266002,0
BNRG.US,D,20231207,000000,208.95,232.75,206.85,206.85,89.80000002694001,0
BNRG.US,D,20231208,000000,207.55,219.8,205.8,206.15,44.37142858474001,0
BNRG.US,D,20231211,000000,201.25,215.155,199.5,199.5,22.45714286388,0
BNRG.US,D,20231212,000000,192.5,203,178.85,187.95,379.45714297098,0
BNRG.US,D,20231213,000000,180.6,189.875,180.6,189.875,127.42857146680001,0
BNRG.US,D,20231214,000000,197.4,213.5,196.525,211.382,557.1142858814201,0
BNRG.US,D,20231215,000000,208.663,213.85,207.375,211.75,43.34285715586,0
BNRG.US,D,20231218,000000,218.4,218.4,199.85,201.6,245.31428578788004,0
BNRG.US,D,20231219,000000,192.85,212.625,192.85,210,89.40000002682,0
BNRG.US,D,20231220,000000,219.8,219.8,201.6,206.5,319.74285723878,0
BNRG.US,D,20231221,000000,208.25,213.85,201.253,213.15,67.60000002028,0
BNRG.US,D,20231222,000000,211.75,212.8,204.092,212.8,24.914285721760002,0
BNRG.US,D,20231226,000000,209.65,210,196.35,203.7,135.54285718352,0
BNRG.US,D,20231227,000000,206.979,213.15,201.491,213.15,262.48571436446,0
BNRG.US,D,20231228,000000,212.8,212.8,198.8,206.286,84.8571428826,0
BNRG.US,D,20231229,000000,207.55,210.633,203,204.75,124.62857146596001,0
BNRG.US,D,20240102,000000,200.553,200.553,200.553,200.553,18.51428571984,0
BNRG.US,D,20240103,000000,200.55,200.55,175.35,199.097,153.25714290312,0
BNRG.US,D,20240104,000000,200.889,200.9,178.85,200.55,152.14285718850002,0
BNRG.US,D,20240105,000000,185.5,199.78,185.5,195.65,156.82857147562,0
BNRG.US,D,20240108,000000,206.15,252.7,186.2,199.15,1067.7428574631801,0
BNRG.US,D,20240109,000000,207.9,207.9,186.2,194.6,451.71428584980004,0
BNRG.US,D,20240110,000000,213.85,213.85,191.1,202.58,474.85714299960006,0
BNRG.US,D,20240111,000000,231.7,241.15,213.5,218.05,3554.94285820934,0
BNRG.US,D,20240112,000000,239.4,239.4,210.003,213.85,530.6857144449201,0
BNRG.US,D,20240116,000000,219.8,219.8,206.85,206.85,103.11428574522,0
BNRG.US,D,20240117,000000,208.25,209.384,206.941,209.384,104.82857146002,0
BNRG.US,D,20240118,000000,214.9,220.5,208.25,209.394,338.60000010158,0
BNRG.US,D,20240119,000000,213.5,213.5,208.25,209.3,118.77142860706,0
BNRG.US,D,20240122,000000,207.9,210,192.5,202.688,272.57142865320003,0
BNRG.US,D,20240123,000000,184.8,184.8,167.3,171.15,596.60000017898,0
BNRG.US,D,20240124,000000,169.75,177.45,164.5,167.769,425.37142869904,0
BNRG.US,D,20240125,000000,164.5,164.5,133.7,145.25,571.31428588568,0
BNRG.US,D,20240126,000000,162.75,163.453,140,155.05,158.05714290456004,0
BNRG.US,D,20240129,000000,154,154,143.85,152.25,288.05714294356005,0
BNRG.US,D,20240130,000000,156.1,156.8,144.55,144.55,91.17142859878001,0
BNRG.US,D,20240131,000000,140,154,140,154,143.77142861456,0
BNRG.US,D,20240201,000000,146.65,152.6,146.3,152.6,89.51428574114001,0
BNRG.US,D,20240202,000000,157.15,157.15,140,148.75,90.74285717008001,0
BNRG.US,D,20240205,000000,142.45,156.1,142.45,155.4,48.68571430032001,0
BNRG.US,D,20240206,000000,162.75,162.75,139.65,154.7,49.142857157600005,0
BNRG.US,D,20240207,000000,152.169,152.169,146.65,148.75,103.7142857454,0
BNRG.US,D,20240208,000000,146.3,157.496,145.25,156.849,176.65714291014,0
BNRG.US,D,20240209,000000,152.124,159.95,145.25,158.2,77.51428573754,0
BNRG.US,D,20240212,000000,151.025,156.191,140.35,140.35,455.48571442236005,0
BNRG.US,D,20240213,000000,140,140.35,132.65,132.65,94.11428574252,0
BNRG.US,D,20240214,000000,134.75,143.5,130.2,143.15,273.02857151048005,0
BNRG.US,D,20240215,000000,140.364,140.7,139.314,140,28.428571437100004,0
BNRG.US,D,20240216,000000,145.6,145.6,122.5,138.25,150.1428571879,0
BNRG.US,D,20240220,000000,135.8,147,135.8,145.6,302.11428580492003,0
BNRG.US,D,20240221,000000,149.1,154,130.9,148.75,75.31428573688001,0
BNRG.US,D,20240222,000000,143.15,150.5,130.9,145.95,90.80000002724002,0
BNRG.US,D,20240223,000000,136.15,147.7,131.25,139.65,146.37142861534,0
BNRG.US,D,20240226,000000,139.65,143.85,122.5,137.9,90.48571431286,0
BNRG.US,D,20240227,000000,127.75,136.906,122.5,126,128.62857146716001,0
BNRG.US,D,20240228,000000,115.5,129.5,115.5,119,116.00000003480001,0
BNRG.US,D,20240229,000000,121.8,130.55,118.65,124.775,62.97142859032001,0
BNRG.US,D,20240301,000000,120.05,127.75,119,126,69.48571430656,0
BNRG.US,D,20240304,000000,117.6,124.6,108.5,118.3,642.9714287643201,0
BNRG.US,D,20240305,000000,108.5,117.95,105.7,109.2,253.02857150448003,0
BNRG.US,D,20240306,000000,109.2,109.2,105,105,126.88571432378002,0
BNRG.US,D,20240307,000000,107.8,107.8,96.6035,105.231,138.91428575596,0
BNRG.US,D,20240308,000000,104.163,104.884,96.95,102.518,68.97142859212,0
BNRG.US,D,20240311,000000,102.9,103.628,85.0535,87.85,437.8285715599201,0
BNRG.US,D,20240312,000000,92.75,93.604,91,92.4,346.85714296120005,0
BNRG.US,D,20240313,000000,92.4,92.4,84.6685,91.3045,165.51428576394,0
BNRG.US,D,20240314,000000,92.1725,92.1725,87.5,89.25,149.60000004488,0
BNRG.US,D,20240315,000000,89.25,90.188,86.1,89.9465,29.31428572308,0
BNRG.US,D,20240318,000000,90.216,90.216,85.75,87.6575,171.34285719426003,0
BNRG.US,D,20240319,000000,87.871,87.871,86.45,86.723,151.05714290246001,0
BNRG.US,D,20240320,000000,87.15,103.25,86.45,97.146,603.48571446676,0
BNRG.US,D,20240321,000000,93.8,101.934,85.75,89.25,394.31428583258,0
BNRG.US,D,20240322,000000,89.5965,90.0235,84.7,90.0235,60.62857144676,0
BNRG.US,D,20240325,000000,95.725,95.725,82.25,83.65,159.74285719078003,0
BNRG.US,D,20240326,000000,82.6,82.6,78.75,78.75,54.34285715916,0
BNRG.US,D,20240327,000000,82.25,82.25,70.7,82.25,171.62857148006003,0
BNRG.US,D,20240328,000000,72.1,80.1465,70,70,155.25714290372,0
BNRG.US,D,20240401,000000,73.85,80.6295,70,70.35,193.42857148660002,0
BNRG.US,D,20240402,000000,70,75.25,70,73.15,64.08571430494001,0
BNRG.US,D,20240403,000000,74.2,79.912,73.15,73.15,132.17142861108002,0
BNRG.US,D,20240404,000000,77,82.6,77,79.8,43.82857144172001,0
BNRG.US,D,20240405,000000,73.5,103.95,73.5,96.6,818.9714288171201,0
BNRG.US,D,20240408,000000,100.8,100.8,86.1,91,552.45714302288,0
BNRG.US,D,20240409,000000,88.2,90.125,84,84,131.80000003954,0
BNRG.US,D,20240410,000000,84.35,89.3445,70,74.2,121.97142860802,0
BNRG.US,D,20240411,000000,76.3,85.869,73.15,85.869,144.11428575752,0
BNRG.US,D,20240412,000000,87.9375,87.9375,78.05,86.331,26.142857150700003,0
BNRG.US,D,20240415,000000,86.1455,86.1455,79.45,86.03,34.97142858192,0
BNRG.US,D,20240416,000000,84.7,86.8,80.15,80.15,199.22857148834,0
BNRG.US,D,20240417,000000,71.4,85.75,71.4,75.6,74.91428573676001,0
BNRG.US,D,20240418,000000,84,84,71.75,72.1,44.0000000132,0
BNRG.US,D,20240419,000000,87.5,87.5,74.2595,74.2595,68.22857144904,0
BNRG.US,D,20240422,000000,79.45,79.45,75.6525,78.05,171.88571433728,0
BNRG.US,D,20240423,000000,82.5965,82.5965,76.475,81.2,68.02857144898,0
BNRG.US,D,20240424,000000,80.5,82.6,78.75,78.75,32.600000009780004,0
BNRG.US,D,20240425,000000,79.1,82.25,71.75,73.612,225.28571435330002,0
BNRG.US,D,20240426,000000,75.25,75.25,70,70,156.17142861828003,0
BNRG.US,D,20240429,000000,75.25,75.25,69.7795,69.7795,137.31428575548003,0
BNRG.US,D,20240430,000000,70,74.3295,69.3,72.7965,61.971428590020004,0
BNRG.US,D,20240501,000000,71.4,71.4,69.3,69.3,22.22857143524,0
BNRG.US,D,20240502,000000,66.5,68.432,66.066,67.2,57.5714285887,0
BNRG.US,D,20240503,000000,64.75,70,63,65.975,228.28571435420002,0
BNRG.US,D,20240506,000000,68.6,75.25,68.25,74.9,506.37142872334005,0
BNRG.US,D,20240507,000000,77,80.15,61.25,76.3,397.91428583366,0
BNRG.US,D,20240508,000000,75.25,76.3,75.25,76.3,13.542857146920001,0
BNRG.US,D,20240509,000000,68.25,75.25,62.3,66.5,75.54285716552,0
BNRG.US,D,20240510,000000,66.85,76.314,66.85,76.314,307.4285715208,0
BNRG.US,D,20240513,000000,74.55,76.65,70.7,76.006,372.91428582616004,0
BNRG.US,D,20240514,000000,76.65,76.65,73.85,74.2,186.22857148444,0
BNRG.US,D,20240515,000000,74.9,75.6,74.55,75.25,105.22857146014002,0
BNRG.US,D,20240516,000000,75.25,76.2545,73.85,73.85,99.45714288698001,0
BNRG.US,D,20240517,000000,107.1,114.45,63.7,70.35,308060.71437813254,0
BNRG.US,D,20240520,000000,71.05,71.05,58.8,64.75,15985.857147652901,0
BNRG.US,D,20240521,000000,59.5,63.7,59.5,63.7,4422.11428704092,0
BNRG.US,D,20240522,000000,60.2,62.6465,49.35,55.3,8832.20000264966,0
BNRG.US,D,20240523,000000,56.7,56.7,50.4,54.25,3240.0285724005803,0
BNRG.US,D,20240524,000000,53.9,53.9,45.15,50.75,6889.65714492404,0
BNRG.US,D,20240528,000000,50.75,51.45,46.9,48.65,2331.4285721280003,0
BNRG.US,D,20240529,000000,48.3,50.225,46.4625,48.349,2725.1714293889804,0
BNRG.US,D,20240530,000000,48.3,50.4,47.25,49.35,2890.4285722957,0
BNRG.US,D,20240531,000000,49.35,72.4535,44.1,44.45,304934.7143771947,0
BNRG.US,D,20240603,000000,42.7,43.8655,36.75,39.55,17349.571433776302,0
BNRG.US,D,20240604,000000,39.9,40.6,37.835,40.25,5927.48571606396,0
BNRG.US,D,20240605,000000,39.55,40.6,35,38.5,4715.057144271661,0
BNRG.US,D,20240606,000000,46.55,50.75,37.45,37.45,443138.1429900843,0
BNRG.US,D,20240607,000000,36.4,37.45,33.25,34.65,27569.571436842303,0
BNRG.US,D,20240610,000000,40.95,43.4,36.4,42.35,149792.28575922342,0
BNRG.US,D,20240611,000000,37.1,43.82,35.7,39.2,24491.5714359189,0
BNRG.US,D,20240612,000000,41.3,42,37.3345,38.5,17343.7142909174,0
BNRG.US,D,20240613,000000,36.75,37.45,33.6,34.65,11768.257146387621,0
BNRG.US,D,20240614,000000,34.65,37.1,33.6,35.35,9843.514288667342,0
BNRG.US,D,20240617,000000,36.4,36.4,34.3,34.6535,3539.97142963342,0
BNRG.US,D,20240618,000000,35.7,36.4,34.3175,36.4,5789.8285731655205,0
BNRG.US,D,20240620,000000,35.7,35.7,33.6,35.35,4016.40000120492,0
BNRG.US,D,20240621,000000,34.65,35.3045,33.95,34.916,2153.2285720745404,0
BNRG.US,D,20240624,000000,35,36.4,34.3,34.6535,2537.45714361838,0
BNRG.US,D,20240625,000000,35.35,35.35,29.281,30.674,8531.1428597022,0
BNRG.US,D,20240626,000000,30.45,32.5185,29.75,31.465,1952.2285720142402,0
BNRG.US,D,20240627,000000,32.515,33.6,30.821,33.18,2467.37142931164,0
BNRG.US,D,20240628,000000,33.215,33.215,31.5,32.235,932.4000002797201,0
BNRG.US,D,20240701,000000,30.8,32.305,30.275,31.4965,2428.0000007284,0
BNRG.US,D,20240702,000000,30.52,31.5,30.52,31.5,2761.11428654262,0
BNRG.US,D,20240703,000000,34.3,34.3,32.4205,33.0085,3150.6285723737606,0
BNRG.US,D,20240705,000000,32.55,33.2496,32.235,32.8999,298.74285723248,0
BNRG.US,D,20240708,000000,34.65,34.65,31.6085,32.375,1526.6000004579803,0
BNRG.US,D,20240709,000000,32.368,32.368,29.75,30.8805,2314.74285783728,0
BNRG.US,D,20240710,000000,31.15,31.5,30.45,31.0835,1307.5714289637,0
BNRG.US,D,20240711,000000,31.5,31.5,30.45,31.15,1992.0857148833402,0
BNRG.US,D,20240712,000000,31.185,31.185,30.1,30.8,1706.40000051192,0
BNRG.US,D,20240715,000000,30.555,32.8615,29.8305,31.6715,6341.31428761668,0
BNRG.US,D,20240716,000000,31.6715,31.6715,29.75,30.548,3833.9142868644603,0
BNRG.US,D,20240717,000000,30.625,32.865,30.45,31.43,3405.08571530724,0
BNRG.US,D,20240718,000000,32.935,33.2045,29.8585,30.38,5465.000001639501,0
BNRG.US,D,20240719,000000,30.52,30.52,29.05,29.6625,1384.3142861295803,0
BNRG.US,D,20240722,000000,30.415,30.415,28.357,29.4,1184.3714289267402,0
BNRG.US,D,20240723,000000,29.995,29.995,28.742,28.8785,1200.97142893172,0
BNRG.US,D,20240724,000000,29.05,36.05,28.707,34.125,26163.1428649918,0
BNRG.US,D,20240725,000000,32.2,33.25,31.3635,32.501,3637.80000109134,0
BNRG.US,D,20240726,000000,32.55,32.9,30.1,31.3686,3759.9714296994202,0
BNRG.US,D,20240729,000000,30.2155,31.367,28.4655,28.5495,2876.4857151486603,0
BNRG.US,D,20240730,000000,29.4,29.8305,26.25,27.3,4022.0285726351804,0
BNRG.US,D,20240731,000000,27.314,28.0035,25.284,25.97,5708.400001712521,0
BNRG.US,D,20240801,000000,26.6,27.2264,25.5955,25.76,2264.3142863935805,0
BNRG.US,D,20240802,000000,25.55,25.8772,24.185,24.1885,2352.7142864201,0
BNRG.US,D,20240805,000000,22.75,24.8535,22.2985,23.1175,4304.51428700564,0
BNRG.US,D,20240806,000000,22.75,24.01,21.35,21.882,1812.8571434010003,0
BNRG.US,D,20240807,000000,21.91,24.15,21.91,22.05,867.3714288316402,0
BNRG.US,D,20240808,000000,22.8025,22.9775,21.707,22.05,675.5142859169401,0
BNRG.US,D,20240809,000000,22.05,22.68,22.05,22.6765,809.8857145286801,0
BNRG.US,D,20240812,000000,22.6018,22.75,22.1655,22.61,745.1142859378201,0
BNRG.US,D,20240813,000000,22.4,22.4,21.525,21.7,619.8285716145201,0
BNRG.US,D,20240814,000000,21.7,22.0115,21.35,21.735,694.20000020826,0
BNRG.US,D,20240815,000000,21.7,22.68,21.7,22.232,988.0857145821401,0
BNRG.US,D,20240816,000000,22.4035,22.68,21.175,21.84,1991.3714291688402,0
BNRG.US,D,20240819,000000,21.056,26.5825,21.056,24.15,9204.0000027612,0
BNRG.US,D,20240820,000000,23.45,25.2,23.45,24.3425,743.02857165148,0
BNRG.US,D,20240821,000000,24.43,25.55,24.395,24.9235,1160.31428606238,0
BNRG.US,D,20240822,000000,25.83,25.83,24.5,24.5,358.22857153604,0
BNRG.US,D,20240823,000000,23.632,24.5,23.625,24.1675,554.48571445206,0
BNRG.US,D,20240826,000000,23.45,24.325,22.981,24.0625,928.0571431355601,0
BNRG.US,D,20240827,000000,24.325,24.325,22.981,22.981,341.42857153100005,0
BNRG.US,D,20240828,000000,24.29,24.29,22.155,22.155,586.62857160456,0
BNRG.US,D,20240829,000000,25.375,25.375,22.155,22.5785,255520.71436237052,0
BNRG.US,D,20240830,000000,49.7,87.85,44.8,54.25,6794875.002038463,0
BNRG.US,D,20240903,000000,45.5,49.7,36.05,43.05,182936.1429120237,0
BNRG.US,D,20240904,000000,42.7,65.45,40.25,44.1,744557.4287947959,0
BNRG.US,D,20240905,000000,41.3,44.45,37.1,39.2,60693.571446779504,0
BNRG.US,D,20240906,000000,39.2,40.152,33.25,33.25,27319.0000081957,0
BNRG.US,D,20240909,000000,38.5,51.8,35,44.1,1286208.5718144341,0
BNRG.US,D,20240910,000000,40.95,43.4,36.75,39.2,71950.71430729951,0
BNRG.US,D,20240911,000000,35.35,38.5,35,35.7,21695.142863651403,0
BNRG.US,D,20240912,000000,35,35.7,33.0085,33.775,18593.1428627208,0
BNRG.US,D,20240913,000000,35.35,36.75,32.9,33.1485,11487.942860589243,0
BNRG.US,D,20240916,000000,36.75,42.35,36.05,39.55,81467.71431015461,0
BNRG.US,D,20240917,000000,39.9,40.25,33.6,34.7165,20517.428577583803,0
BNRG.US,D,20240918,000000,35.7,36.4,34.3105,34.6535,11607.085717767843,0
BNRG.US,D,20240919,000000,35.7,36.05,32.5675,32.9,9824.48571723306,0
BNRG.US,D,20240920,000000,33.6,34.3,31.85,32.1825,6400.9428590631405,0
BNRG.US,D,20240923,000000,32.9,33.208,29.1655,30.065,7292.17143075908,0
BNRG.US,D,20240924,000000,28.665,31.5,28.665,29.8165,9258.37143134894,0
BNRG.US,D,20240925,000000,31.479,33.5965,30.2785,32.55,57377.42858864181,0
BNRG.US,D,20240926,000000,31.815,33.229,29.533,30.5165,9733.657145777242,0
BNRG.US,D,20240927,000000,30.863,31.5,28.35,28.854,6353.942859049041,0
BNRG.US,D,20240930,000000,28.735,28.854,27.65,28.322,3172.0285723801803,0
BNRG.US,D,20241001,000000,27.65,29.75,27.65,28.7,7218.45714502268,0
BNRG.US,D,20241002,000000,28.322,29.015,27.65,28.525,3579.4857153595603,0
BNRG.US,D,20241003,000000,28,28.49,26.775,27.2195,4326.97142986952,0
BNRG.US,D,20241004,000000,26.95,28.0105,26.355,26.95,6781.857144891701,0
BNRG.US,D,20241007,000000,26.635,28.525,26.6,27.93,3816.51428685924,0
BNRG.US,D,20241008,000000,27.65,30.8,27.475,30.45,5277.971430154821,0
BNRG.US,D,20241009,000000,30.45,30.45,28.3675,29.05,2070.4285720497,0
BNRG.US,D,20241010,000000,28.8785,29.715,27.65,29.2264,2583.2857150607,0
BNRG.US,D,20241011,000000,28.2345,29.715,28.217,28.721,1861.6000005584804,0
BNRG.US,D,20241014,000000,28.3745,29.4,28,28.0735,2197.4285720878,0
BNRG.US,D,20241015,000000,28,28.7,26.25,26.257,4210.60000126318,0
BNRG.US,D,20241016,000000,26.25,27.3,25.2,25.3785,3711.0571439704604,0
BNRG.US,D,20241017,000000,26.25,26.95,24.85,26.9325,3627.8857153740805,0
BNRG.US,D,20241018,000000,26.6,29.7465,26.6,27.685,5042.08571579834,0
BNRG.US,D,20241021,000000,28.7,29.4,28,28.84,6670.88571628698,0
BNRG.US,D,20241022,000000,29.7465,30.975,27.685,30.8,3579.4285725024,0
BNRG.US,D,20241023,000000,30.422,30.9204,29.407,30.8,1708.7428576554803,0
BNRG.US,D,20241024,000000,29.8865,30.8,29.4,30.1665,4277.7142869976005,0
BNRG.US,D,20241025,000000,31.15,31.85,28.7,29.995,16434.0000049302,0
BNRG.US,D,20241028,000000,29.0535,30.45,28.875,30.38,3030.51428662344,0
BNRG.US,D,20241029,000000,30.765,30.786,29.4035,29.9162,1654.1714290676803,0
BNRG.US,D,20241030,000000,29.225,30.786,29.225,29.435,1943.6571434402401,0
BNRG.US,D,20241031,000000,30.45,30.45,29.05,30.31,3344.25714386042,0
BNRG.US,D,20241101,000000,30.45,30.45,29.05,30.1,3029.82857233752,0
BNRG.US,D,20241104,000000,29.792,30.758,28.3552,29.4,3605.7714296531603,0
BNRG.US,D,20241105,000000,30.1,30.1,28.35,29.82,3380.68571529992,0
BNRG.US,D,20241106,000000,29.0535,30.0475,28.7,29.2285,4325.11428701182,0
BNRG.US,D,20241107,000000,29.05,29.4035,26.271,28.2835,3767.6285725588605,0
BNRG.US,D,20241108,000000,26.2745,27.9265,26.2745,27.4242,2319.80000069594,0
BNRG.US,D,20241111,000000,26.915,27.9545,25.7215,26.88,2687.7142865206,0
BNRG.US,D,20241112,000000,26.25,27.3945,25.5815,26.39,1854.62857198496,0
BNRG.US,D,20241113,000000,25.9,26.88,25.2,25.9,2001.2857148861,0
BNRG.US,D,20241114,000000,27.23,27.23,24.675,25.5115,2276.48571496866,0
BNRG.US,D,20241115,000000,25.2,26.6,24.549,24.85,3066.8857152057803,0
BNRG.US,D,20241118,000000,24.85,26.2395,24.85,26.075,1161.7428574913802,0
BNRG.US,D,20241119,000000,25.3715,26.075,24.57,25.5465,1900.9142862845601,0
BNRG.US,D,20241120,000000,25.2,25.9,24.85,25.2279,712.4571430708801,0
BNRG.US,D,20241121,000000,25.151,25.8861,24.5,25.2,1670.4285719297002,0
BNRG.US,D,20241122,000000,25.55,26.81,24.689,25.9,3341.7714295739606,0
BNRG.US,D,20241125,000000,25.9,29.715,25.55,29.057,3980.7428583370806,0
BNRG.US,D,20241126,000000,29.365,29.365,26.7645,27.125,2170.54285779402,0
BNRG.US,D,20241127,000000,28.6965,28.6965,26.425,26.4355,620.17142875748,0
BNRG.US,D,20241129,000000,26.6,28.7,26.25,28.6345,2757.11428654142,0
BNRG.US,D,20241202,000000,28.7,30.1101,27.3035,28.035,1139.0000003417001,0
BNRG.US,D,20241203,000000,28,30.4185,27.3,27.4855,1795.8571433959,0
BNRG.US,D,20241204,000000,27.3945,30.2435,24.675,28.7,281865.57151313114,0
BNRG.US,D,20241205,000000,26.8065,29.267,25.235,27.608,25427.857150485503,0
BNRG.US,D,20241206,000000,26.285,28.315,26.25,28,6831.485716335161,0
BNRG.US,D,20241209,000000,26.95,28,26.32,26.5755,7923.74285951998,0
BNRG.US,D,20241210,000000,27.5975,28,26.145,26.25,4232.25714412682,0
BNRG.US,D,20241211,000000,25.55,26.6,25.55,25.9,1885.77142913716,0
BNRG.US,D,20241212,000000,25.2,26.075,25.0635,25.0635,1017.45714316238,0
BNRG.US,D,20241213,000000,25.403,26.25,25.375,26.18,2058.40000061752,0
BNRG.US,D,20241216,000000,25.2,25.9,24.7219,25.2,2118.97142920712,0
BNRG.US,D,20241217,000000,24.85,25.1107,23.8035,23.849,4984.0000014952,0
BNRG.US,D,20241218,000000,24.724,25.5465,23.646,23.8,2955.7714294581606,0
BNRG.US,D,20241219,000000,24.15,25.55,23.8,24.15,4275.88571556848,0
BNRG.US,D,20241220,000000,24.1675,27.356,23.3135,26.3655,340112.7143877481,0
BNRG.US,D,20241223,000000,31.4825,33.733,27.6535,32.487,263263.85722183634,0
BNRG.US,D,20241224,000000,29.4,37.8,29.309,36.75,58597.285731864904,0
BNRG.US,D,20241226,000000,33.908,38.5,32.6235,37.45,28221.142865609203,0
BNRG.US,D,20241227,000000,36.05,36.4,33.25,35.7,10746.371431795342,0
BNRG.US,D,20241230,000000,34.65,36.0465,33.6,35.35,10406.74286026488,0
BNRG.US,D,20241231,000000,43.05,85.75,37.8,45.5,1406540.8575648195,0
BNRG.US,D,20250102,000000,44.1,58.45,44.1,54.95,130504.71432486571,0
BNRG.US,D,20250103,000000,57.4,64.4,55.475,58.1,52309.857158550105,0
BNRG.US,D,20250106,000000,56.35,74.2,49.7,72.8,75763.7143084434,0
BNRG.US,D,20250107,000000,67.55,78.75,62.3,77,43689.285727392504,0
BNRG.US,D,20250108,000000,73.5,88.1685,64.05,80.5,44338.571441873006,0
BNRG.US,D,20250110,000000,80.85,107.1,80.85,105,74047.4285936428,0
BNRG.US,D,20250113,000000,97.3,101.5,80.5035,90.3,28948.8571515418,0
BNRG.US,D,20250114,000000,85.4,85.61,63,65.1,24724.8571502746,0
BNRG.US,D,20250115,000000,66.5,73.85,60.55,68.95,16935.5714336521,0
BNRG.US,D,20250116,000000,68.25,69.65,60.725,61.6,10901.685717556222,0
BNRG.US,D,20250117,000000,64.4,66.1465,60.7215,63,5345.8285730323205,0
BNRG.US,D,20250121,000000,71.75,86.8,67.9,74.55,31972.7142953061,0
BNRG.US,D,20250122,000000,78.4,79.1,71.4,74.9,8038.514288125841,0
BNRG.US,D,20250123,000000,74.2,74.9,60.55,62.3,9363.88571709488,0
BNRG.US,D,20250124,000000,61.6,64.3965,60.55,63.35,4142.80000124284,0
BNRG.US,D,20250127,000000,60.55,60.55,50.4,53.2,14600.4285758087,0
BNRG.US,D,20250128,000000,52.85,56,50.75,54.6,4735.08571570624,0
BNRG.US,D,20250129,000000,55.3,57.4,54.25,56.7,4671.91428711586,0
BNRG.US,D,20250130,000000,55.3,57.5155,51.1,53.9,2861.4000008584203,0
BNRG.US,D,20250131,000000,52.5,54.6,46.9,47.6,6760.45714488528,0
BNRG.US,D,20250203,000000,45.15,49.7,45.15,47.6,3815.1142868588204,0
BNRG.US,D,20250204,000000,49.35,59.5,39.9,46.55,98053.5714579875,0
BNRG.US,D,20250205,000000,45.5,47.033,43.05,45.15,5778.31428744778,0
BNRG.US,D,20250206,000000,45.15,45.5,42,42,5896.80000176904,0
BNRG.US,D,20250207,000000,41.65,43.498,38.85,38.85,6103.5714304025005,0
BNRG.US,D,20250210,000000,39.55,44.8,39.55,44.45,6877.8571449205,0
BNRG.US,D,20250211,000000,44.8,44.8,42,42.7,3359.1428581506,0
BNRG.US,D,20250212,000000,42.35,43.715,40.25,42,4091.6000012274803,0
BNRG.US,D,20250213,000000,42.35,42.35,39.2,40.425,5202.60000156078,0
BNRG.US,D,20250214,000000,39.9,41.1005,35.7,37.1,7262.22857360724,0
BNRG.US,D,20250218,000000,41.65,49.875,39.55,48.3,11783.31428924928,0
BNRG.US,D,20250219,000000,49,49.6965,44.5865,46.2,5415.31428733888,0
BNRG.US,D,20250220,000000,50.05,56,46.9,53.2,14637.285718676902,0
BNRG.US,D,20250221,000000,52.5,56,50.05,50.75,10447.828574562922,0
BNRG.US,D,20250224,000000,50.4,52.85,49.7,51.8,3131.2571437965203,0
BNRG.US,D,20250225,000000,52.15,57.75,50.75,57.75,5699.8571445671005,0
BNRG.US,D,20250226,000000,57.05,60.55,53.2,53.9,3544.08571534894,0
BNRG.US,D,20250227,000000,53.2,57.05,50.05,51.1,3448.8857153203803,0
BNRG.US,D,20250228,000000,50.05,50.7325,49,50.4,2503.3142864652805,0
BNRG.US,D,20250303,000000,50.4,51.7825,49,50.4,2206.6571435191404,0
BNRG.US,D,20250304,000000,49.7,50.05,45.85,47.25,59211.1428749062,0
BNRG.US,D,20250305,000000,47.95,50.75,40.95,42,45431.1428707722,0
BNRG.US,D,20250306,000000,40.6,41.986,39.55,40.6,4813.0000014439,0
BNRG.US,D,20250307,000000,40.25,44.1,40.25,43.4,3183.1714295263805,0
BNRG.US,D,20250310,000000,41.65,44.1,41.3,41.65,2468.3142864547804,0
BNRG.US,D,20250311,000000,40.6,43.4,40.6,41.65,1166.60000034998,0
BNRG.US,D,20250312,000000,42.35,47.0995,42.35,44.5585,1984.4285720239002,0
BNRG.US,D,20250313,000000,44.1,45.85,42,42.35,1699.8857147956803,0
BNRG.US,D,20250314,000000,42.35,44.457,42,43.05,542.5714287342,0
BNRG.US,D,20250317,000000,43.05,45.5,42.6545,43.4,1277.3714289546401,0
BNRG.US,D,20250318,000000,43.75,44.8,43.75,44.8,1000.3142860143801,0
BNRG.US,D,20250319,000000,46.55,47.25,44.1,44.8,802.45714309788,0
BNRG.US,D,20250320,000000,45.5,47.25,43.05,45.57,1109.31428604708,0
BNRG.US,D,20250321,000000,44.8,49.7,44.8,49.7,2488.97142931812,0
BNRG.US,D,20250324,000000,49.7,51.8,47.95,50.75,2223.0285720954803,0
BNRG.US,D,20250325,000000,51.8,51.8,50.05,50.75,1130.4285717677,0
BNRG.US,D,20250326,000000,48.797,50.491,46.2,49.35,1243.8571432303002,0
BNRG.US,D,20250327,000000,49,49.679,44.45,44.8,1757.77142909876,0
BNRG.US,D,20250328,000000,44.45,46.9,44.1,46.2,518.2000001554601,0
BNRG.US,D,20250331,000000,43.75,46.55,41.65,43.421,2571.08571505704,0
BNRG.US,D,20250401,000000,43.4,46.2,43.4,44.45,825.8000002477402,0
BNRG.US,D,20250402,000000,46.55,46.55,44.4605,45.85,447.88571442008003,0
BNRG.US,D,20250403,000000,45.85,45.85,43.75,44.1,1016.0000003048001,0
BNRG.US,D,20250404,000000,45.3075,45.3075,40.6,42,1245.6000003736801,0
BNRG.US,D,20250407,000000,40.6,44.1,38.15,44.1,1048.6857146003201,0
BNRG.US,D,20250408,000000,44.1,46.025,40.25,42.35,650.48571448086,0
BNRG.US,D,20250409,000000,44.8,50.0745,41.3,48.65,1939.1714291531803,0
BNRG.US,D,20250410,000000,48.65,52.15,45.423,48.65,742.0285716511801,0
BNRG.US,D,20250411,000000,46.55,48.6465,45.85,48.3,1099.34285747266,0
BNRG.US,D,20250414,000000,48.3,50.75,45.85,49,1347.54285754712,0
BNRG.US,D,20250415,000000,49,51.1,48.6465,51.1,589.62857160546,0
BNRG.US,D,20250416,000000,51.8,51.8,47.2535,47.6,1163.2857146347,0
BNRG.US,D,20250417,000000,48.3,51.1,45.5035,45.85,637.5428573341201,0
BNRG.US,D,20250421,000000,44.45,48.6955,44.45,44.8,676.05714305996,0
BNRG.US,D,20250422,000000,46.9805,47.95,44.8,47.95,1210.6857146489199,0
BNRG.US,D,20250423,000000,49.7,49.7,47.6,49,810.02857167158,0
BNRG.US,D,20250424,000000,45.85,48.7375,45.85,46.62,1310.62857182176,0
BNRG.US,D,20250425,000000,47.95,48.2615,46.55,46.9,999.1142860140201,0
BNRG.US,D,20250428,000000,47.25,47.25,40.6,43.05,2130.0857149247404,0
BNRG.US,D,20250429,000000,44.8,44.8,41.3,41.65,935.5428574235201,0
BNRG.US,D,20250430,000000,41.65,42.525,41.65,41.65,1198.48571464526,0
BNRG.US,D,20250501,000000,40.6,41.3,34.65,35,13088.31428964078,0
BNRG.US,D,20250502,000000,36.4,38.451,34.3,37.1,4121.51428695074,0
BNRG.US,D,20250505,000000,35.7,35.7,33.019,35,2620.4285722147,0
BNRG.US,D,20250506,000000,34.3,35.525,34.3,35.525,1164.60000034938,0
BNRG.US,D,20250507,000000,37.1,37.1,35.35,35.875,892.9428574107401,0
BNRG.US,D,20250508,000000,35.7,37.8,35.35,35.7,1015.6857145904202,0
BNRG.US,D,20250509,000000,37.583,37.8,36.575,37.1,3086.4571437830805,0
BNRG.US,D,20250512,000000,37.8,38.0205,23.8,27.6535,19568.571434442,0
BNRG.US,D,20250513,000000,20.3,24.15,18.97,20.867,68544.4285919919,0
BNRG.US,D,20250514,000000,19.012,19.397,18.2,19.3515,89035.85716956791,0
BNRG.US,D,20250515,000000,18.55,19.95,18.27,19.18,13461.971432610022,0
BNRG.US,D,20250516,000000,18.9,21.7,18.2,20.2615,12506.400003751922,0
BNRG.US,D,20250519,000000,20.7935,21.238,19.6035,20.3035,3031.4857151951605,0
BNRG.US,D,20250520,000000,21,21,19.285,19.635,7626.857145145201,0
BNRG.US,D,20250521,000000,19.5755,20.3,18.9035,19.9955,6563.257144826121,0
BNRG.US,D,20250522,000000,19.25,19.8765,16.1,16.8735,27872.2857226474,0
BNRG.US,D,20250523,000000,17.5,22.855,14.014,15.589,541306.1430195348,0
BNRG.US,D,20250527,000000,15.4,16.898,14.42,16.275,61295.71430410301,0
BNRG.US,D,20250528,000000,16.3765,17.906,15.8165,16.45,36183.5714394265,0
BNRG.US,D,20250529,000000,16.4255,21.7,16.415,17.745,240415.00007212453,0
BNRG.US,D,20250530,000000,17.15,17.738,16.485,17.4265,21405.1428635644,0
BNRG.US,D,20250602,000000,16.905,17.9375,16.485,17.633,10293.91428880246,0
BNRG.US,D,20250603,000000,17.5595,18.83,17.5035,18.5395,10568.31428888478,0
BNRG.US,D,20250604,000000,18.5325,20.237,18.4561,19.565,18081.857148281702,0
BNRG.US,D,20250605,000000,19.6,22.575,19.25,21.273,25985.285722081302,0
BNRG.US,D,20250606,000000,22.05,25.0005,22.05,24.1535,36127.4285822668,0
BNRG.US,D,20250609,000000,24.85,27.615,24.5,24.815,23323.428578425603,0
BNRG.US,D,20250610,000000,25.2,25.5465,21.3573,21.679,18984.5714342668,0
BNRG.US,D,20250611,000000,21.5985,24.5,21,23.45,15338.2857188872,0
BNRG.US,D,20250612,000000,22.75,24.325,22.75,23.793,5422.2857159124005,0
BNRG.US,D,20250613,000000,21.7105,23.135,20.37,20.4785,20418.2857204112,0
BNRG.US,D,20250616,000000,21.525,22.309,19.95,20.1495,10592.7142888921,0
BNRG.US,D,20250617,000000,18.48,18.55,16.058,16.205,51449.85715829211,0
BNRG.US,D,20250618,000000,16.59,19.075,16.275,17.15,25667.142864843,0
BNRG.US,D,20250620,000000,18.2,20.44,12.46,17.78,65191.85716241471,0
BNRG.US,D,20250623,000000,16.94,19.0253,16.87,17.43,11733.2857178057,0
BNRG.US,D,20250624,000000,17.43,17.43,15.54,15.68,11751.571432096902,0
BNRG.US,D,20250625,000000,15.61,16.45,15.47,16.38,7698.8571451668,0
BNRG.US,D,20250626,000000,16.24,18.9,16.065,16.73,17339.2857194875,0
BNRG.US,D,20250627,000000,16.52,18.48,16.52,18.27,16137.142861984,0
BNRG.US,D,20250630,000000,18.48,19.11,16.94,17.36,15156.285718832602,0
BNRG.US,D,20250701,000000,17.29,18.1993,17.192,18.06,7229.714287883201,0
BNRG.US,D,20250702,000000,17.5749,19.6,16.1,19.04,19109.0000057327,0
BNRG.US,D,20250703,000000,18.83,18.97,18.48,18.571,2556.7142864813004,0
BNRG.US,D,20250707,000000,18.48,19.075,17.71,17.85,4087.4285726548005,0
BNRG.US,D,20250708,000000,16.52,17.29,13.86,15.19,395981.5715473659,0
BNRG.US,D,20250709,000000,14.77,15.26,14.56,14.84,14730.000004419002,0
BNRG.US,D,20250710,000000,14.63,15.05,14.35,14.98,5608.285715968201,0
BNRG.US,D,20250711,000000,14.77,15.05,13.86,14.7,14697.714290123602,0
BNRG.US,D,20250714,000000,14.7,15.4,14.7,14.84,24458.857150194803,0
BNRG.US,D,20250715,000000,15.05,15.19,14.35,14.56,17295.2857194743,0
BNRG.US,D,20250716,000000,16.24,16.45,13.72,14.63,1206146.1432189867,0
BNRG.US,D,20250717,000000,14.56,14.63,14,14.14,36538.2857252472,0
BNRG.US,D,20250718,000000,14,14.14,13.615,13.72,17913.857148231302,0
BNRG.US,D,20250721,000000,13.86,14.77,13.72,14.56,27495.1428653914,0
BNRG.US,D,20250722,000000,14.35,14.9212,14.2107,14.42,9189.8571456141,0
BNRG.US,D,20250723,000000,14.49,14.91,14.42,14.7,22154.285720932003,0
BNRG.US,D,20250724,000000,14.77,15.05,14.42,14.56,14972.142861634502,0
BNRG.US,D,20250725,000000,14.7,14.945,14.2107,14.7,11494.428574876902,0
BNRG.US,D,20250728,000000,14.49,14.735,13.02,13.16,36644.428582421904,0
BNRG.US,D,20250729,000000,13.44,13.4708,12.32,12.39,18122.5714340082,0
BNRG.US,D,20250730,000000,12.6,12.6,11.76,12.04,13169.7142896652,0
BNRG.US,D,20250731,000000,12.04,12.46,11.83,12.04,7711.285716599101,0
BNRG.US,D,20250801,000000,12.04,12.11,11.452,11.62,5263.428573007601,0
BNRG.US,D,20250804,000000,11.48,12.74,11.48,12.11,3733.5714296915003,0
BNRG.US,D,20250805,000000,11.9,12.53,11.76,12.25,4485.2857156313,0
BNRG.US,D,20250806,000000,12.11,12.2066,11.55,11.76,1962.7142863031002,0
BNRG.US,D,20250807,000000,11.76,11.9378,11.55,11.83,3867.142858303,0
BNRG.US,D,20250808,000000,11.9,12.32,11.76,11.97,3075.2857152083,0
BNRG.US,D,20250811,000000,12.25,12.775,12.25,12.53,5635.285715976301,0
BNRG.US,D,20250812,000000,12.88,12.88,12.39,12.67,7329.8571450561,0
BNRG.US,D,20250813,000000,13.09,14,12.74,14,13622.2857183724,0
BNRG.US,D,20250814,000000,13.72,14.14,13.02,13.79,5814.5714303158,0
BNRG.US,D,20250815,000000,14.07,16.73,13.79,16.66,49411.8571576807,0
BNRG.US,D,20250818,000000,16.66,16.66,14.07,14.07,12728.571432390001,0
BNRG.US,D,20250819,000000,14.07,14.7693,14,14.21,7315.4285736232005,0
BNRG.US,D,20250820,000000,15.19,15.19,14.21,14.7,9224.428574195901,0
BNRG.US,D,20250821,000000,14.77,14.77,14.21,14.49,6275.2857161683005,0
BNRG.US,D,20250822,000000,15.33,15.68,14.665,15.68,3166.2857152356,0
BNRG.US,D,20250825,000000,15.68,16.17,15.54,15.68,5062.857144376,0
BNRG.US,D,20250826,000000,15.82,15.82,14.91,15.12,4052.4285726443004,0
BNRG.US,D,20250827,000000,15.19,15.3972,14.77,15.12,3652.4285725243003,0
BNRG.US,D,20250828,000000,14.91,15.6072,14.91,15.295,1971.8571434487,0
BNRG.US,D,20250829,000000,15.47,15.652,14.07,14.21,7758.4285737561,0
BNRG.US,D,20250902,000000,14.21,14.49,13.79,14,3869.4285725894,0
BNRG.US,D,20250903,000000,14.5579,14.63,14,14.49,4555.1428585094,0
BNRG.US,D,20250904,000000,14.7,14.7,14,14.35,2659.5714293693004,0
BNRG.US,D,20250905,000000,14.63,16.66,14.07,14.49,50768.142872373304,0
BNRG.US,D,20250908,000000,15.4,15.4,14.28,14.63,5293.7142873024,0
BNRG.US,D,20250909,000000,14.9324,15.33,14.777,15.33,1710.8571433704,0
BNRG.US,D,20250910,000000,15.68,16.0993,15.05,15.61,10657.428574625801,0
BNRG.US,D,20250911,000000,15.33,15.7206,14.98,15.295,7343.000002202901,0
BNRG.US,D,20250912,000000,15.19,15.96,14.7049,15.75,14974.000004492202,0
BNRG.US,D,20250915,000000,16.1,16.1,15.2607,15.715,5715.4285731432,0
BNRG.US,D,20250916,000000,15.47,15.75,14.84,15.47,11504.000003451201,0
BNRG.US,D,20250917,000000,15.26,15.4693,14.7,14.9016,6555.142859109401,0
BNRG.US,D,20250918,000000,14.98,15.54,14.7,15.33,5784.7142874497,0
BNRG.US,D,20250919,000000,15.4,15.61,15.05,15.4,4515.714287069,0
BNRG.US,D,20250922,000000,15.54,15.89,15.19,15.61,7642.000002292601,0
BNRG.US,D,20250923,000000,15.89,17.08,15.26,16.38,20544.1428633061,0
BNRG.US,D,20250924,000000,16.45,16.66,15.68,15.89,8297.2857167749,0
BNRG.US,D,20250925,000000,15.89,16.5732,14.56,16.03,137504.285755537,0
BNRG.US,D,20250926,000000,15.96,16.1,12.9549,13.51,107913.85717523131,0
BNRG.US,D,20250929,000000,13.51,13.51,11.9,12.04,480233.14300121285,0
BNRG.US,D,20250930,000000,11.27,11.41,10.5,11.06,73014.42859333291,0
BNRG.US,D,20251001,000000,10.85,11.69,10.85,11.27,26322.2857221824,0
BNRG.US,D,20251002,000000,11.27,11.62,11.13,11.34,11661.285717784102,0
BNRG.US,D,20251003,000000,11.27,11.928,11.2,11.55,14920.5714330476,0
BNRG.US,D,20251006,000000,11.55,12.208,11.48,11.83,12969.000003890702,0
BNRG.US,D,20251007,000000,11.83,11.9,10.85,10.85,14733.0000044199,0
BNRG.US,D,20251008,000000,10.99,11.97,10.99,11.48,13415.428575453201,0
BNRG.US,D,20251009,000000,11.55,11.97,11.55,11.83,13988.2857184822,0
BNRG.US,D,20251010,000000,11.83,13.65,11.4107,11.55,41321.1428695392,0
BNRG.US,D,20251013,000000,11.41,13.51,11.13,13.02,41523.2857267427,0
BNRG.US,D,20251014,000000,12.95,13.02,12.46,12.74,14320.1428614389,0
BNRG.US,D,20251015,000000,12.81,13.09,12.32,12.53,12360.000003708,0
BNRG.US,D,20251016,000000,12.67,12.81,12.04,12.04,17159.0000051477,0
BNRG.US,D,20251017,000000,12.46,12.46,11.5745,11.9,6163.714287563401,0
BNRG.US,D,20251020,000000,11.97,12.7953,11.83,12.39,4467.0000013401,0
BNRG.US,D,20251021,000000,11.97,12.39,11.97,12.32,3820.8571440034,0
BNRG.US,D,20251022,000000,12.18,12.18,11.375,11.48,8338.428573930101,0
BNRG.US,D,20251023,000000,12.04,12.166,11.69,12.04,4545.000001363501,0
BNRG.US,D,20251024,000000,11.9,12.11,11.9,12.11,3209.1428581056,0
BNRG.US,D,20251027,000000,12.04,12.25,11.76,11.9,10924.0000032772,0
BNRG.US,D,20251028,000000,11.76,11.83,11.2,11.27,5236.0000015708,0
BNRG.US,D,20251029,000000,11.2,11.4961,10.85,11.095,8071.0000024213,0
BNRG.US,D,20251030,000000,10.99,11.13,10.64,10.64,2198.0000006594,0
BNRG.US,D,20251031,000000,10.64,10.85,10.36,10.57,8535.285716846302,0
BNRG.US,D,20251103,000000,10.92,10.92,9.73,10.36,16676.7142907173,0
BNRG.US,D,20251104,000000,10.36,10.5147,9.45,9.8,9068.4285741491,0
BNRG.US,D,20251105,000000,9.7279,10.4916,9.7041,10.36,6816.000002044801,0
BNRG.US,D,20251106,000000,10.08,10.3117,9.8707,10.01,2733.7142865344003,0
BNRG.US,D,20251107,000000,9.94,9.989,9.4052,9.989,1730.7142862335002,0
BNRG.US,D,20251110,000000,9.94,9.9421,8.96,8.995,11449.428574863401,0
BNRG.US,D,20251111,000000,9.31,9.45,9.03,9.38,3779.2857154195003,0
BNRG.US,D,20251112,000000,9.24,9.52,9.17,9.17,4587.2857156619,0
BNRG.US,D,20251113,000000,9.17,9.52,8.54,8.96,10757.7142889416,0
BNRG.US,D,20251114,000000,8.68,8.7675,8.47,8.5477,4413.1428584668,0
BNRG.US,D,20251117,000000,8.54,8.61,8.4,8.4,3091.5714294989,0
BNRG.US,D,20251118,000000,8.26,8.61,7.98,8.61,7707.5714308837005,0
BNRG.US,D,20251119,000000,8.54,8.61,7.28,7.35,16069.714290535201,0
BNRG.US,D,20251120,000000,7.28,7.875,7.07,7.14,17646.5714338654,0
BNRG.US,D,20251121,000000,7,8.33,7,7.63,5553.8571445233,0
BNRG.US,D,20251124,000000,8.05,8.05,7.28,7.7,3089.0000009267,0
BNRG.US,D,20251125,000000,7.91,8.2397,7.77,8.12,4046.1428583567003,0
BNRG.US,D,20251126,000000,8.33,9.0013,8.0507,8.54,12499.428575178401,0
BNRG.US,D,20251128,000000,8.05,8.54,8.05,8.12,3712.8571439710004,0
BNRG.US,D,20251201,000000,8.12,8.3643,7.7,7.7,5286.1428587287,0
BNRG.US,D,20251202,000000,7.7,8.33,7.7,8.12,4425.714287042,0
BNRG.US,D,20251203,000000,8.12,8.12,7.805,7.931,5654.142858839101,0
BNRG.US,D,20251204,000000,7.9247,8.225,7.7,7.91,8803.7142883554,0
BNRG.US,D,20251205,000000,7.91,8.33,7.84,8.05,2764.8571436866,0
BNRG.US,D,20251208,000000,8.0507,8.12,7.7707,8.05,2144.4285720719004,0
BNRG.US,D,20251209,000000,7.77,8.05,7.581,7.581,7244.428573601901,0
BNRG.US,D,20251210,000000,7.9086,8.1193,7.63,7.91,9075.714288437,0
BNRG.US,D,20251211,000000,7.35,7.8652,6.65,6.65,48148.71430015891,0
BNRG.US,D,20251212,000000,5.9843,6.79,5.614,5.614,26941.8571509397,0
BNRG.US,D,20251215,000000,5.67,5.74,5.18,5.2843,14910.5714330446,0
BNRG.US,D,20251216,000000,5.25,5.25,4.9,5.0687,6593.1428591208005,0
BNRG.US,D,20251217,000000,4.9,4.9693,4.27071,4.4793,26524.8571508146,0
BNRG.US,D,20251218,000000,4.55,4.823,4.55,4.557,10347.285717389901,0
BNRG.US,D,20251219,000000,4.704,4.746,4.62,4.69,1188.1428574993001,0
BNRG.US,D,20251222,000000,5.3298,6.5275,5.2115,5.376,150083.8571878823,0
BNRG.US,D,20251223,000000,5.3942,5.3942,4.62,4.7831,26341.428579331,0
BNRG.US,D,20251224,000000,4.7831,4.89999,4.41001,4.788,8178.000002453401,0
BNRG.US,D,20251226,000000,4.9,5.4593,4.6123,4.9707,23436.0000070308,0
BNRG.US,D,20251229,000000,4.9,5.978,4.6431,5.6728,115884.00003476521,0
BNRG.US,D,20251230,000000,6.0683,6.37,3.4622,4.2896,1842808.1434099854,0
BNRG.US,D,20251231,000000,3.8703,3.98999,3.36,3.4447,96390.57145748861,0
BNRG.US,D,20260102,000000,3.43,3.46851,3.185,3.3495,67243.00002017291,0
BNRG.US,D,20260105,000000,3.22,3.4839,3.20817,3.3607,49797.714300653606,0
BNRG.US,D,20260106,000000,3.29,3.465,3.15,3.465,35875.8571536199,0
BNRG.US,D,20260107,000000,3.4622,4.13,3.36,3.969,75024.14287965011,0
BNRG.US,D,20260108,000000,4.0446,4.12859,3.6036,3.8703,27352.428579634303,0
BNRG.US,D,20260109,000000,3.871,3.871,3.6092,3.7758,22928.2857211642,0
BNRG.US,D,20260112,000000,3.6421,3.67499,3.43,3.6393,28630.857151446402,0
BNRG.US,D,20260113,000000,3.64,3.64,3.269,3.5217,26641.428579421,0
BNRG.US,D,20260114,000000,3.416,3.703,3.36,3.5896,13538.857146918801,0
BNRG.US,D,20260115,000000,3.605,3.605,3.43,3.4531,6869.0000020607,0
BNRG.US,D,20260116,000000,3.57,3.71,3.4307,3.6414,10366.2857173956,0
BNRG.US,D,20260120,000000,3.5637,3.906,3.5,3.7765,11988.714289310901,0
BNRG.US,D,20260121,000000,3.7765,3.8423,3.64,3.654,21239.8571492291,0
BNRG.US,D,20260122,000000,3.766,4.3365,3.6925,3.8843,109872.85717581901,0
BNRG.US,D,20260123,000000,3.92,3.92,3.5945,3.64,34670.714296115504,0
BNRG.US,D,20260126,000000,3.66,4.09,3.42,3.59,188120,0
