<TICKER>,<PER>,<DATE>,<TIME>,<OPEN>,<HIGH>,<LOW>,<CLOSE>,<VOL>,<OPENINT>
CISS.US,D,20230615,000000,270000,293700,116700,159300,1.7148333336763004,0
CISS.US,D,20230616,000000,138000,164700,127500,163414,1.04046666687476,0
CISS.US,D,20230620,000000,165000,222600,165000,171000,1.2100000002420002,0
CISS.US,D,20230621,000000,153000,166500,143250,143400,0.22793333337892002,0
CISS.US,D,20230622,000000,105300,156000,84000,111000,30.316666672729998,0
CISS.US,D,20230623,000000,114300,137400,73800,78900,56.49000001129801,0
CISS.US,D,20230626,000000,65700,72600,51600,55500,44.87406667564149,0
CISS.US,D,20230627,000000,44700,55800,41475,50700,47.864933342906326,0
CISS.US,D,20230628,000000,46800,49200,38700,39900,46.36590000927318,0
CISS.US,D,20230629,000000,37500,43200,34656,37200,37.58020000751604,0
CISS.US,D,20230630,000000,38100,38700,32100,33300,206.59020004131804,0
CISS.US,D,20230703,000000,29820,37200,29700,33600,29.079600005815923,0
CISS.US,D,20230705,000000,35100,36600,34200,34800,30.10060000602012,0
CISS.US,D,20230706,000000,34500,35400,33000,33600,14.199000002839803,0
CISS.US,D,20230707,000000,33900,36900,32700,34800,28.49106667236488,0
CISS.US,D,20230710,000000,34800,36600,32100,33900,20.4980000040996,0
CISS.US,D,20230711,000000,33000,34800,31500,33600,33.18910000663782,0
CISS.US,D,20230712,000000,37200,43200,32400,33000,152.76883336388713,0
CISS.US,D,20230713,000000,33600,34200,29100,30000,53.05860001061173,0
CISS.US,D,20230714,000000,31800,31800,29250,29790,28.528466672372367,0
CISS.US,D,20230717,000000,33000,33300,29541,30000,65.74433334648221,0
CISS.US,D,20230718,000000,29679,30000,25500,26157,44.75153334228365,0
CISS.US,D,20230719,000000,25680,26100,23100,24720,35.82006667383069,0
CISS.US,D,20230720,000000,25140,25800,24030,24300,18.12713333695876,0
CISS.US,D,20230721,000000,24855,25092,22611,22611,21.525666670971802,0
CISS.US,D,20230724,000000,22800,22800,20439,20778,19.185500003837102,0
CISS.US,D,20230725,000000,20100,20670,18939,19800,17.53030000350606,0
CISS.US,D,20230726,000000,20406,23100,18636,19770,57.98990001159798,0
CISS.US,D,20230727,000000,19263,20097,17415,17838,27.154766672097622,0
CISS.US,D,20230728,000000,18570,18570,16500,18198,25.392933338411922,0
CISS.US,D,20230731,000000,21069,21426,19200,20094,36.63820000732765,0
CISS.US,D,20230801,000000,19320,20571,18912,19410,22.30010000446002,0
CISS.US,D,20230802,000000,19413,19467,18330,19440,11.356333335604603,0
CISS.US,D,20230803,000000,19020,19350,18198,18789,11.531366668972941,0
CISS.US,D,20230804,000000,18900,19176,18000,18060,9.592100001918421,0
CISS.US,D,20230807,000000,17700,19012.6,17406,18036,11.264366668919543,0
CISS.US,D,20230808,000000,17730,18561,16899,18420,12.610366669188743,0
CISS.US,D,20230809,000000,18750,18897,17583,18060,8.6635000017327,0
CISS.US,D,20230810,000000,18630,18870,17640,17970,8.02303333493794,0
CISS.US,D,20230811,000000,18036,18591,17550,18588,13.512166669369101,0
CISS.US,D,20230814,000000,18750,18750,18036,18102,7.059833334745299,0
CISS.US,D,20230815,000000,18030,18400.9,17325,17625,5.56730000111346,0
CISS.US,D,20230816,000000,17100,17388,14103,14697,24.664933338266323,0
CISS.US,D,20230817,000000,14850,14850,14187,14490,7.705400001541079,0
CISS.US,D,20230818,000000,14160,14400,13518,13650,11.75193333568372,0
CISS.US,D,20230821,000000,13860,13863,13308,13455,5.830733334499481,0
CISS.US,D,20230822,000000,13770,13797,12330,12600,5.93336666785334,0
CISS.US,D,20230823,000000,12798,14649,12114,14088,13.438733336021082,0
CISS.US,D,20230824,000000,14040,14130,12450,13005,7.65213333486376,0
CISS.US,D,20230825,000000,13590,14343,13200,13200,6.9952000013990405,0
CISS.US,D,20230828,000000,13224,14040,12720,13614,8.286566668323982,0
CISS.US,D,20230829,000000,13800,15027,12930,13278,10.045166668675702,0
CISS.US,D,20230830,000000,13275,13770,12933,13053,3.1596333339652602,0
CISS.US,D,20230831,000000,12930,13950,12048,12894,7.385733334810481,0
CISS.US,D,20230901,000000,16500,20964,13203,13680,134.90510002698102,0
CISS.US,D,20230905,000000,13830,14100,12450,12900,10.36963333540726,0
CISS.US,D,20230906,000000,12660,13350,12309,12441,6.45190000129038,0
CISS.US,D,20230907,000000,12348,12897,12090,12192,5.3053000010610605,0
CISS.US,D,20230908,000000,12270,12750,11550,11589,12.160000002432,0
CISS.US,D,20230911,000000,12000,12000,11262,11268,4.936200000987241,0
CISS.US,D,20230912,000000,11916,11916,11100,11130,5.9351000011870205,0
CISS.US,D,20230913,000000,11100,11430,10866,11370,3.9505333341234405,0
CISS.US,D,20230914,000000,11400,11750.2,11334,11610,3.2919333339917203,0
CISS.US,D,20230915,000000,11580,12000,11400,11940,3.26403333398614,0
CISS.US,D,20230918,000000,12582,12582,11400,11583,3.5007333340334803,0
CISS.US,D,20230919,000000,12060,12060,11100,11327.4,3.14543333396242,0
CISS.US,D,20230920,000000,11364,12450,10899,11703,8.15610000163122,0
CISS.US,D,20230921,000000,12300,12900,11655,12720,9.56230000191246,0
CISS.US,D,20230922,000000,11940,12960,11940,12480,2.4360000004872004,0
CISS.US,D,20230925,000000,12939,14340,12150,14340,14.336766669534022,0
CISS.US,D,20230926,000000,14040,14697,13260,13350,10.58910000211782,0
CISS.US,D,20230927,000000,12900,14310,12900,13434,5.9915000011983,0
CISS.US,D,20230928,000000,13500,13797,13350,13356,2.0517666670770196,0
CISS.US,D,20230929,000000,13494,14166,13083,13770,8.311666668329002,0
CISS.US,D,20231002,000000,13710,14547,13200,13503,8.884433335110222,0
CISS.US,D,20231003,000000,13800,13927.4,12900,13047,7.56630000151326,0
CISS.US,D,20231004,000000,13059,13797,12750,13050,4.38413333421016,0
CISS.US,D,20231005,000000,12360,13029,12360,12525,2.26666666712,0
CISS.US,D,20231006,000000,12900,12900,11103,11667,5.2686333343870615,0
CISS.US,D,20231009,000000,12024,12024,11133,11778,4.46710000089342,0
CISS.US,D,20231010,000000,11775,12750,11649,12006,2.4571000004914203,0
CISS.US,D,20231011,000000,11430,13881,11430,13881,15.344066669735481,0
CISS.US,D,20231012,000000,13200,13794,12334.6,12768,8.63276666839322,0
CISS.US,D,20231013,000000,15483,19152,12468,13002,191.22550003824512,0
CISS.US,D,20231016,000000,13002,13500,11250,11850,27.112233338755786,0
CISS.US,D,20231017,000000,12000,12753,11703,12330,11.00993333553532,0
CISS.US,D,20231018,000000,12300,12597,11733,12315,7.6565000015313025,0
CISS.US,D,20231019,000000,12150,12716.6,11433,12600,3.9330333341199406,0
CISS.US,D,20231020,000000,11400,12294,11400,12264,5.088566667684381,0
CISS.US,D,20231023,000000,11907,12435,11385,11988,2.06093333374552,0
CISS.US,D,20231024,000000,11670,12351,11433,11643,1.5250333336383401,0
CISS.US,D,20231025,000000,11700,11922,11433,11658,2.4451666671557,0
CISS.US,D,20231026,000000,11964,11967,11397,11724,3.2941666673255003,0
CISS.US,D,20231027,000000,11400,11724,11256,11379,20.87940000417588,0
CISS.US,D,20231030,000000,12000,12645,11580,12645,8.522433335037821,0
CISS.US,D,20231031,000000,12267,12600,12000,12228,3.1178333339569004,0
CISS.US,D,20231101,000000,12222,12399,11556,12270,7.13623333476058,0
CISS.US,D,20231102,000000,12630,12630,11850,12285,7.5489000015097805,0
CISS.US,D,20231103,000000,13950,15000,11979,12597,128.43723335902078,0
CISS.US,D,20231106,000000,12015,17601,11730,12750,35.905966673847864,0
CISS.US,D,20231107,000000,13410,14100,12465,13800,10.205733335374482,0
CISS.US,D,20231108,000000,13350,13797,13173,13341,2.33740000046748,0
CISS.US,D,20231109,000000,13500,13500,12036,12900,9.266133335186561,0
CISS.US,D,20231110,000000,12330,12897,12207,12630,2.8559000005711805,0
CISS.US,D,20231113,000000,13197,13299,12450,12654,2.0272666670721207,0
CISS.US,D,20231114,000000,13635,13635,12360,13155,2.4271666671521,0
CISS.US,D,20231115,000000,12840,13194,12690,12936,2.8605333339054404,0
CISS.US,D,20231116,000000,12900,14970,12069,12510,81.05440001621088,0
CISS.US,D,20231117,000000,15471,16200,12378,14220,316.8081000633616,0
CISS.US,D,20231120,000000,13365,15900,12741,15510,36.220933340577524,0
CISS.US,D,20231121,000000,14613,17403,14400,17400,37.6690000075338,0
CISS.US,D,20231122,000000,16950,17364,15756,16068,13.21473333597628,0
CISS.US,D,20231124,000000,15372,16065,15000,15189,3.518000000703601,0
CISS.US,D,20231127,000000,15300,15300,12300,13260,19.952833337323902,0
CISS.US,D,20231128,000000,12900,13650,12750,13245,7.224166668111501,0
CISS.US,D,20231129,000000,13617,16350,12900,15726,65.39453334641225,0
CISS.US,D,20231130,000000,15870,16500,15330,16197,12.310700002462141,0
CISS.US,D,20231201,000000,16200,16296,15300,15843,8.670233335067381,0
CISS.US,D,20231204,000000,15600,15600,14910,15330,4.903700000980741,0
CISS.US,D,20231205,000000,15306,16275,15030,15987,5.834266667833521,0
CISS.US,D,20231206,000000,16119,16119,14400,14550,4.61796666759026,0
CISS.US,D,20231207,000000,15300,15300,13800,14403,5.1630666676992805,0
CISS.US,D,20231208,000000,14613,14970,13725,14061,4.64720000092944,0
CISS.US,D,20231211,000000,13716,14649,12633,14022,4.8363000009672605,0
CISS.US,D,20231212,000000,14400,14763,13791,14583,2.4243000004848603,0
CISS.US,D,20231213,000000,14148,14697,13818,14100,2.9131000005826206,0
CISS.US,D,20231214,000000,14100,15000,13890,14940,4.39963333421326,0
CISS.US,D,20231215,000000,14700,14970,14205,14205,3.5331000007066202,0
CISS.US,D,20231218,000000,14205,15747,14205,15396,9.57436666858154,0
CISS.US,D,20231219,000000,15396,16050,15396,15711,5.359733334405281,0
CISS.US,D,20231220,000000,15900,16500,15000,15239.3,4.99260000099852,0
CISS.US,D,20231221,000000,15060.5,15237,14040,14817,4.221600000844321,0
CISS.US,D,20231222,000000,14130,15825,14130,15105,6.780333334689401,0
CISS.US,D,20231226,000000,15900,16155,15300,16059,6.4794333346292206,0
CISS.US,D,20231227,000000,15900,17130,15600,17097,5.173666667701401,0
CISS.US,D,20231228,000000,17181,17775,16698,17400,6.79236666802514,0
CISS.US,D,20231229,000000,17595,17697,15390,15891,7.413700001482741,0
CISS.US,D,20240102,000000,16689,16740,15879,16254,2.8105666672287803,0
CISS.US,D,20240103,000000,16200,16260,15540,16203,3.4925000006985005,0
CISS.US,D,20240104,000000,15894,19080,15321,19077,31.080200006216035,0
CISS.US,D,20240105,000000,19350,20547,18615,19836,15.390833336411502,0
CISS.US,D,20240108,000000,19800,20388,17100,17430,16.325466669931764,0
CISS.US,D,20240109,000000,16794,16794,12033,13014,35.45836667375834,0
CISS.US,D,20240110,000000,13740,14550,12408,13797,10.251233335383581,0
CISS.US,D,20240111,000000,14400,14400,13260,13887,3.1635000006327005,0
CISS.US,D,20240112,000000,14100,14100,13341,13572,5.01640000100328,0
CISS.US,D,20240116,000000,13200,15600,13200,14700,17.5980000035196,0
CISS.US,D,20240117,000000,14850,15600,12654,12657,22.072133337747765,0
CISS.US,D,20240118,000000,12600,13548,11100,11283,22.47623333782858,0
CISS.US,D,20240119,000000,3750,4467,3420,4056,1294.0369002588077,0
CISS.US,D,20240122,000000,3732,3750,3285,3513,534.8735001069748,0
CISS.US,D,20240123,000000,3600,3975,3333,3843,484.8360334303006,0
CISS.US,D,20240124,000000,4089,4200,3690,3978,854.6766335042687,0
CISS.US,D,20240125,000000,5220,5910,4365,4803,3380.6837673428035,0
CISS.US,D,20240126,000000,3930,4425,3900,3960,565.0865667796841,0
CISS.US,D,20240129,000000,3792,4089,3720,4053,1176.4809002352963,0
CISS.US,D,20240130,000000,5340,5442,4074,4803,2955.954067257858,0
CISS.US,D,20240131,000000,4332,4500,4164,4317,405.5202334144374,0
CISS.US,D,20240201,000000,4290,4305,3939,4101,296.32053339259744,0
CISS.US,D,20240202,000000,4800,5163,4380.3,4824,2133.0197670932707,0
CISS.US,D,20240205,000000,4530,4749,4206,4449,576.5682667819805,0
CISS.US,D,20240206,000000,4050,4125,3900,4032,330.2344333993803,0
CISS.US,D,20240207,000000,3942,4137,3750,3786,226.2916000452583,0
CISS.US,D,20240208,000000,3666,3960,3633,3789,265.76276671981924,0
CISS.US,D,20240209,000000,3708,3918,3675,3720.02,125.7454000251491,0
CISS.US,D,20240212,000000,3900,3900,3525,3654,172.16233336776583,0
CISS.US,D,20240213,000000,3579,3600,3438,3453,135.37590002707518,0
CISS.US,D,20240214,000000,3570,3630,3375,3585,103.86946668744056,0
CISS.US,D,20240215,000000,3435,3825,3411,3726,140.0711333613476,0
CISS.US,D,20240216,000000,3726,3726,3450,3585,91.90333335171402,0
CISS.US,D,20240220,000000,3720,3720,3540,3600,96.24606668591588,0
CISS.US,D,20240221,000000,3540,4035,3540,3708,179.513233369236,0
CISS.US,D,20240222,000000,3819,3819,3492,3522,89.40183335121371,0
CISS.US,D,20240223,000000,3528,3558,3312,3375,95.48310001909664,0
CISS.US,D,20240226,000000,3000,3177,2940,3096,131.81143335969563,0
CISS.US,D,20240227,000000,3090,3288,3069,3114,66.48310001329662,0
CISS.US,D,20240228,000000,3060,3207,3030,3102,71.36970001427393,0
CISS.US,D,20240229,000000,3297,3300,3090,3105,67.35453334680425,0
CISS.US,D,20240301,000000,3264,3264,2865,2886,156.11876669789044,0
CISS.US,D,20240304,000000,2934,2934,2670,2793,131.46440002629288,0
CISS.US,D,20240305,000000,2736,2910,2511,2805,82.2815000164563,0
CISS.US,D,20240306,000000,2880,2880,2670,2760,48.06733334294681,0
CISS.US,D,20240307,000000,2700,2874,2661,2760,51.73803334368095,0
CISS.US,D,20240308,000000,2760,2790,2679,2754,50.64770001012954,0
CISS.US,D,20240311,000000,2754,2850,2703,2805,33.38473334001028,0
CISS.US,D,20240312,000000,2727,2907,2682,2700,52.05410001041082,0
CISS.US,D,20240313,000000,2760,2850,2550,2700,79.73230001594646,0
CISS.US,D,20240314,000000,2730,2733,2286,2370,92.26666668512,0
CISS.US,D,20240315,000000,747,915,735,849,6789.330734691201,0
CISS.US,D,20240318,000000,900,978,810,885,2784.1197672234907,0
CISS.US,D,20240319,000000,966,1110,828,903,2897.1977005794397,0
CISS.US,D,20240320,000000,900,1005,873,897,1307.9045335949143,0
CISS.US,D,20240321,000000,918,954,858,903,868.920666840451,0
CISS.US,D,20240322,000000,894,990,813,933,1130.2073668927085,0
CISS.US,D,20240325,000000,960,1101,960,1056,1705.0538670076778,0
CISS.US,D,20240326,000000,1395,1920,1260,1443,19989.522737331237,0
CISS.US,D,20240327,000000,1290,1347,1083,1146,3407.003000681401,0
CISS.US,D,20240328,000000,1107,1146,990,1044,2287.1179671240902,0
CISS.US,D,20240401,000000,1023,1197,942,1083,1894.2713670455212,0
CISS.US,D,20240402,000000,1224,1404,1179,1227,4668.878400933776,0
CISS.US,D,20240403,000000,1497,1635,1350,1524,5158.3556010316715,0
CISS.US,D,20240404,000000,1620,1620,1254,1314,2381.494500476299,0
CISS.US,D,20240405,000000,1287,1491,1125,1416,1700.296467006726,0
CISS.US,D,20240408,000000,1470,1470,1290,1359,983.0860668632839,0
CISS.US,D,20240409,000000,1299,1323,1200,1260,859.73353350528,0
CISS.US,D,20240410,000000,942,1104,915,987,3420.069367350681,0
CISS.US,D,20240411,000000,1002,1002,837,864,1691.1862003382373,0
CISS.US,D,20240412,000000,615,675,504,559.5,19003.236670467315,0
CISS.US,D,20240415,000000,534,534,405,432,10398.376668746343,0
CISS.US,D,20240416,000000,396,528,363,477,41567.06667498008,0
CISS.US,D,20240417,000000,495,675,384,432,53457.26667735812,0
CISS.US,D,20240418,000000,414,471,399.33,435,7018.286668070325,0
CISS.US,D,20240419,000000,405,406.5,339,352.5,8604.606668387589,0
CISS.US,D,20240422,000000,351,402,333,390,6807.98333469493,0
CISS.US,D,20240423,000000,378,423,369,376.5,3848.1233341029583,0
CISS.US,D,20240424,000000,390,447,378,429,6010.390001202079,0
CISS.US,D,20240425,000000,411,432,384,408,2257.7466671182165,0
CISS.US,D,20240426,000000,417,438,390,405,2397.2366671461145,0
CISS.US,D,20240429,000000,405,416.94,369,402,2542.93333384192,0
CISS.US,D,20240430,000000,405,432,384,402,3193.086667305284,0
CISS.US,D,20240501,000000,396,405,384,390,2189.820000437964,0
CISS.US,D,20240502,000000,387,410.82,381,393,2582.6333338498603,0
CISS.US,D,20240503,000000,399,407.97,384,399,1935.7766670538222,0
CISS.US,D,20240506,000000,408,438,402,411,2148.513333763036,0
CISS.US,D,20240507,000000,408,435,402,411,2140.356667094738,0
CISS.US,D,20240508,000000,414,414,396,405,1261.456666918958,0
CISS.US,D,20240509,000000,405,414,399,405,1150.5633335634461,0
CISS.US,D,20240510,000000,402,405,378,378,1339.006666934468,0
CISS.US,D,20240513,000000,384,429,378.57,423,4742.903334281914,0
CISS.US,D,20240514,000000,435,462,399,417,7954.663334924267,0
CISS.US,D,20240515,000000,417,438,399.15,429,3107.376667288142,0
CISS.US,D,20240516,000000,438,453,423,447,6975.703334728474,0
CISS.US,D,20240517,000000,495,531,459,501,15136.963336360726,0
CISS.US,D,20240520,000000,492,555,444,453,10764.053335486145,0
CISS.US,D,20240521,000000,468,495,444,480,5559.1366677784945,0
CISS.US,D,20240522,000000,477,492,444,450,3401.3866673469443,0
CISS.US,D,20240523,000000,462,486,447,474,3527.7300007055464,0
CISS.US,D,20240524,000000,480,516,471,483,5333.906667733449,0
CISS.US,D,20240528,000000,525,552,462,477,9441.320001888265,0
CISS.US,D,20240529,000000,453,511.5,444,504,4366.896667540047,0
CISS.US,D,20240530,000000,504,507,474,492,2653.5066671973686,0
CISS.US,D,20240531,000000,543,588,513,540,58445.3033450224,0
CISS.US,D,20240603,000000,552,561,498,543,8330.830001666167,0
CISS.US,D,20240604,000000,525,546,501,534,4451.623334223658,0
CISS.US,D,20240605,000000,525,528,504,510,3309.7633339952863,0
CISS.US,D,20240606,000000,501,507,468,483,4544.520000908905,0
CISS.US,D,20240607,000000,468,495,462,495,2273.4533337880243,0
CISS.US,D,20240610,000000,495,495,468,477,1541.0533336415442,0
CISS.US,D,20240611,000000,474,486,456,471,2895.220000579044,0
CISS.US,D,20240612,000000,474,486,462,471,2511.553333835644,0
CISS.US,D,20240613,000000,465,468,435,450,2482.173333829768,0
CISS.US,D,20240614,000000,441,445.5,405,408,5526.310001105263,0
CISS.US,D,20240617,000000,411,438,408,420,1860.4366670387544,0
CISS.US,D,20240618,000000,414,423,390,393,2772.1433338877623,0
CISS.US,D,20240620,000000,390,395.97,369,375,4958.236667658314,0
CISS.US,D,20240621,000000,378,396,369.03,387,2281.830000456366,0
CISS.US,D,20240624,000000,390,453,390,420,3006.6866672680044,0
CISS.US,D,20240625,000000,429,441,414,441,1969.4533337272242,0
CISS.US,D,20240626,000000,435,435,417,426,705.030000141006,0
CISS.US,D,20240627,000000,429,429,411,426,786.156666823898,0
CISS.US,D,20240628,000000,429,429,405,417,1419.576666950582,0
CISS.US,D,20240701,000000,420,426,402,411,758.2900001516581,0
CISS.US,D,20240702,000000,405,414,393,411,717.493333476832,0
CISS.US,D,20240703,000000,408,418.5,405,405,461.6466667589961,0
CISS.US,D,20240705,000000,411,414,396,408,702.5100001405021,0
CISS.US,D,20240708,000000,408,411,387,393,1445.6100002891221,0
CISS.US,D,20240709,000000,390,393.6,375,387,1913.5566670493781,0
CISS.US,D,20240710,000000,381,423,381,417,1771.2000003542398,0
CISS.US,D,20240711,000000,423,441,411,432,1687.5433336708422,0
CISS.US,D,20240712,000000,414,429,411,414,922.2600001844521,0
CISS.US,D,20240715,000000,414,419.94,405,414,497.743333432882,0
CISS.US,D,20240716,000000,408,432,408,429,877.7966668422259,0
CISS.US,D,20240717,000000,429,448.8,420,441,987.730000197546,0
CISS.US,D,20240718,000000,441,464.97,432,438,986.2400001972479,0
CISS.US,D,20240719,000000,441,441,408,420,824.4433334982222,0
CISS.US,D,20240722,000000,414,417,399,405,700.3600001400721,0
CISS.US,D,20240723,000000,405,408,393,405,545.186666775704,0
CISS.US,D,20240724,000000,396,402,384,390,1042.36666687514,0
CISS.US,D,20240725,000000,393,414,390.6,402,679.390000135878,0
CISS.US,D,20240726,000000,399,417,396,405,661.9933334657321,0
CISS.US,D,20240729,000000,408,414,406.5,411,415.58666674978406,0
CISS.US,D,20240730,000000,414,417,402,405,533.5266667733721,0
CISS.US,D,20240731,000000,411,411,390,396,632.3900001264781,0
CISS.US,D,20240801,000000,398.25,399,381,390,850.6433335034621,0
CISS.US,D,20240802,000000,390,390,367.5,378,991.090000198218,0
CISS.US,D,20240805,000000,369,381,339,378,1359.03333360514,0
CISS.US,D,20240806,000000,381,387,363,366,678.156666802298,0
CISS.US,D,20240807,000000,372,372,360,363,583.96666678346,0
CISS.US,D,20240808,000000,369,372,366,372,251.1666667169,0
CISS.US,D,20240809,000000,372,378,360,372,371.13666674089404,0
CISS.US,D,20240812,000000,369,381,369,378,369.80000007396,0
CISS.US,D,20240813,000000,381,384,372,384,592.38333345181,0
CISS.US,D,20240814,000000,387,393,369,372,465.7133334264761,0
CISS.US,D,20240815,000000,375,378,369,372,381.89333340971206,0
CISS.US,D,20240816,000000,372,399,372,399,600.470000120094,0
CISS.US,D,20240819,000000,399,417,396,408,808.3200001616641,0
CISS.US,D,20240820,000000,411.36,441,411,441,1211.8233335756981,0
CISS.US,D,20240821,000000,441,447,423,441,1346.78333360269,0
CISS.US,D,20240822,000000,450,456,402,411,2301.193333793572,0
CISS.US,D,20240823,000000,408,414,390,409.5,1042.753333541884,0
CISS.US,D,20240826,000000,414,414,381.03,390,1092.03333355174,0
CISS.US,D,20240827,000000,381,393,354,372,1426.980000285396,0
CISS.US,D,20240828,000000,378,380.88,360,360,499.87333343330806,0
CISS.US,D,20240829,000000,363,390,360,384,596.686666786004,0
CISS.US,D,20240830,000000,384,390,372,372,664.156666799498,0
CISS.US,D,20240903,000000,372,377.79,327,348,2375.113333808356,0
CISS.US,D,20240904,000000,348,348,330,339,599.46666678656,0
CISS.US,D,20240905,000000,339,344.37,330,336,338.64000006772807,0
CISS.US,D,20240906,000000,336,336,327,327,864.1300001728259,0
CISS.US,D,20240909,000000,327,351,327,348,827.6066668321881,0
CISS.US,D,20240910,000000,348,354,336,348,360.70333340547404,0
CISS.US,D,20240911,000000,348,369,348,369,537.846666774236,0
CISS.US,D,20240912,000000,372,372,354,357,270.393333387412,0
CISS.US,D,20240913,000000,366,366,345,348,291.90333339171406,0
CISS.US,D,20240916,000000,345,354,345,348,240.88666671484404,0
CISS.US,D,20240917,000000,351,351,339,342,505.526666767772,0
CISS.US,D,20240918,000000,345,345,336,336,313.460000062692,0
CISS.US,D,20240919,000000,339,342,336,339,167.626666700192,0
CISS.US,D,20240920,000000,342,348,336,345,165.48333336643,0
CISS.US,D,20240923,000000,351,351,342,348,203.65666670739802,0
CISS.US,D,20240924,000000,345,354,339,342,362.0100000724021,0
CISS.US,D,20240925,000000,339,351,327,336,555.23333344438,0
CISS.US,D,20240926,000000,339,339,327,330,645.6633334624661,0
CISS.US,D,20240927,000000,333,336,324,336,933.3600001866721,0
CISS.US,D,20240930,000000,330,345,330,342,330.34000006606806,0
CISS.US,D,20241001,000000,338.79,345,333,333,458.1466667582961,0
CISS.US,D,20241002,000000,335.97,354,327,354,596.7300001193461,0
CISS.US,D,20241003,000000,345,351,342,348,192.28000003845602,0
CISS.US,D,20241004,000000,351,351,336,345,343.45666673535806,0
CISS.US,D,20241007,000000,342,342,330,333,462.24333342578205,0
CISS.US,D,20241008,000000,336,339,327,330,364.1666667395,0
CISS.US,D,20241009,000000,336,336,330,333,264.496666719566,0
CISS.US,D,20241010,000000,339,342,327,330,375.460000075092,0
CISS.US,D,20241011,000000,333,333,324,333,381.32333340959804,0
CISS.US,D,20241014,000000,330,351,327,348,841.8066668350281,0
CISS.US,D,20241015,000000,345,360,345,351,889.0700001778141,0
CISS.US,D,20241016,000000,354,369,348,366,631.6300001263261,0
CISS.US,D,20241017,000000,366,375,354,366,585.8700001171741,0
CISS.US,D,20241018,000000,360,372,360,360,351.953333403724,0
CISS.US,D,20241021,000000,363,366,342,348,347.4266667361521,0
CISS.US,D,20241022,000000,348,357,342,357,265.030000053006,0
CISS.US,D,20241023,000000,351,354,342,348,262.843333385902,0
CISS.US,D,20241024,000000,351,372,342,372,487.486666764164,0
CISS.US,D,20241025,000000,372,372,351,357,368.94666674045607,0
CISS.US,D,20241028,000000,363,369,351,360,429.873333419308,0
CISS.US,D,20241029,000000,357,366,348.18,349.5,348.58000006971605,0
CISS.US,D,20241030,000000,348.3,351,345,351,256.55666671797803,0
CISS.US,D,20241031,000000,348,360,348,354,415.620000083124,0
CISS.US,D,20241101,000000,351,357,348,357,153.540000030708,0
CISS.US,D,20241104,000000,363,363,339,349.5,264.770000052954,0
CISS.US,D,20241105,000000,348,354,341.28,348,232.1666667131,0
CISS.US,D,20241106,000000,348,351,333,342,558.253333444984,0
CISS.US,D,20241107,000000,345,350.97,342,345,380.45000007608996,0
CISS.US,D,20241108,000000,348,369,339,351,656.6933334646722,0
CISS.US,D,20241111,000000,360,360,342,357,525.090000105018,0
CISS.US,D,20241112,000000,348,348,339,345,444.40666675554803,0
CISS.US,D,20241113,000000,348,351,333,342,509.87333343530804,0
CISS.US,D,20241114,000000,342,348.87,324,327,1332.55000026651,0
CISS.US,D,20241115,000000,327,338.97,321,333,439.40000008788,0
CISS.US,D,20241118,000000,345,345,300,312,1946.063333722546,0
CISS.US,D,20241119,000000,309,315,288,294,1407.36666694814,0
CISS.US,D,20241120,000000,288,290.94,246,246.03,3705.7700007411545,0
CISS.US,D,20241121,000000,243,260.97,243,251.16,1021.540000204308,0
CISS.US,D,20241122,000000,254.7,261,251.16,253.86,686.096666803886,0
CISS.US,D,20241125,000000,258,267.6,248.234,252,874.5466668415761,0
CISS.US,D,20241126,000000,252,256.5,243.09,245.97,751.653333483664,0
CISS.US,D,20241127,000000,249,249.93,225.18,228,1705.4500003410901,0
CISS.US,D,20241129,000000,237,239.82,231.03,235.5,293.656666725398,0
CISS.US,D,20241202,000000,238.14,241.5,231,231.84,556.0600001112119,0
CISS.US,D,20241203,000000,237,240,228,237,379.770000075954,0
CISS.US,D,20241204,000000,239.61,240,225.9,231,319.7766667306221,0
CISS.US,D,20241205,000000,235.8,235.8,210,214.14,848.856666836438,0
CISS.US,D,20241206,000000,226.65,226.65,204,212.58,820.6866668308041,0
CISS.US,D,20241209,000000,216.72,222.15,211.5,222,567.253333446784,0
CISS.US,D,20241210,000000,222,232.958,213,225.21,896.9066668460481,0
CISS.US,D,20241211,000000,234,234,218.406,219.48,394.860000078972,0
CISS.US,D,20241212,000000,219,224.1,216,219.78,716.01666680987,0
CISS.US,D,20241213,000000,222,222,216,216.03,170.420000034084,0
CISS.US,D,20241216,000000,215.22,220.32,208.23,209.43,638.5566667943781,0
CISS.US,D,20241217,000000,210.96,216,201,201.6,378.31666674232997,0
CISS.US,D,20241218,000000,209.4,209.4,183,185.7,1203.08333357395,0
CISS.US,D,20241219,000000,185.7,196.47,185.7,185.73,875.1666668417,0
CISS.US,D,20241220,000000,186,193.53,184.53,189.6,298.223333392978,0
CISS.US,D,20241223,000000,190.41,192.24,174,174.63,900.940000180188,0
CISS.US,D,20241224,000000,177,180,172.56,180,298.49000005969805,0
CISS.US,D,20241226,000000,178.23,219,177.03,213.39,1508.0433336349422,0
CISS.US,D,20241227,000000,218.34,230.4,214.05,219,549.6466667765961,0
CISS.US,D,20241230,000000,213.6,213.75,165,170.64,4770.916667620851,0
CISS.US,D,20241231,000000,180,184.32,168,171.24,3085.3200006170646,0
CISS.US,D,20250102,000000,172.8,192,168,192,2728.725000545745,0
CISS.US,D,20250103,000000,184.8,189.6,174,175.2,1959.025000391805,0
CISS.US,D,20250106,000000,175.2,188.4,175.2,181.2,1797.575000359515,0
CISS.US,D,20250107,000000,181.2,182.4,170.4,174,908.1666668483,0
CISS.US,D,20250108,000000,174,174,157.2,159.6,1289.3000002578601,0
CISS.US,D,20250110,000000,159.6,165.6,148.8,148.8,1906.5833337146498,0
CISS.US,D,20250113,000000,148.8,154.788,140.4,151.2,540.0750001080149,0
CISS.US,D,20250114,000000,152.4,157.176,151.2,154.8,672.88333346791,0
CISS.US,D,20250115,000000,153.6,163.2,148.8,158.4,1185.7083335704751,0
CISS.US,D,20250116,000000,158.4,158.4,150,151.2,802.41666682715,0
CISS.US,D,20250117,000000,153.6,155.892,145.2,147.6,774.81666682163,0
CISS.US,D,20250121,000000,150,164.4,148.8,162,6347.225001269446,0
CISS.US,D,20250122,000000,162,162,150,150.12,1981.791667063025,0
CISS.US,D,20250123,000000,150,154.464,144,147.6,998.3333335330001,0
CISS.US,D,20250124,000000,150,152.4,145.2,150,659.15000013183,0
CISS.US,D,20250127,000000,146.4,152.364,144.372,150,416.97500008339506,0
CISS.US,D,20250128,000000,152.28,152.4,144,144,1776.5833336886499,0
CISS.US,D,20250129,000000,145.2,154.788,145.2,152.4,1255.775000251155,0
CISS.US,D,20250130,000000,147.6,153.6,138,144,1055.458333544425,0
CISS.US,D,20250131,000000,145.2,146.4,139.2,142.788,459.991666758665,0
CISS.US,D,20250203,000000,138,142.8,133.2,141.6,524.258333438185,0
CISS.US,D,20250204,000000,138,147.6,135.9,142.8,723.8083334780949,0
CISS.US,D,20250205,000000,144,150,144,144,398.83333341310004,0
CISS.US,D,20250206,000000,146.4,152.4,146.4,151.212,402.88333341391,0
CISS.US,D,20250207,000000,147.6,151.2,144.012,146.4,311.708333395675,0
CISS.US,D,20250210,000000,145.2,148.8,137.52,141.6,709.73333347528,0
CISS.US,D,20250211,000000,141.6,142.2,138,140.4,188.941666704455,0
CISS.US,D,20250212,000000,139.2,140.376,130.8,135.6,312.308333395795,0
CISS.US,D,20250213,000000,136.8,139.2,130.8,139.2,381.98333340973,0
CISS.US,D,20250214,000000,139.2,145.2,134.436,144,335.158333400365,0
CISS.US,D,20250218,000000,141.6,143.4,134.4,134.4,601.2416667869151,0
CISS.US,D,20250219,000000,134.4,136.128,133.2,133.2,417.63333341686007,0
CISS.US,D,20250220,000000,133.2,134.376,120,121.08,1410.041666948675,0
CISS.US,D,20250221,000000,122.4,130.8,108,122.4,1219.875000243975,0
CISS.US,D,20250224,000000,120,121.2,104.419,109.332,2195.858333772505,0
CISS.US,D,20250225,000000,106.8,106.812,100.824,104.46,482.658333429865,0
CISS.US,D,20250226,000000,102.18,106.26,102.18,103.812,283.28333338999,0
CISS.US,D,20250227,000000,105.6,105.6,99.636,102,520.108333437355,0
CISS.US,D,20250228,000000,102,103.2,96,96,523.41666677135,0
CISS.US,D,20250303,000000,97.2,97.2,87.6,87.6,406.1666667479,0
CISS.US,D,20250304,000000,87,88.92,80.76,85.2,1089.95000021799,0
CISS.US,D,20250305,000000,86.28,93.6,81.756,90,575.058333448345,0
CISS.US,D,20250306,000000,97.08,97.08,86.76,90,484.90000009697997,0
CISS.US,D,20250307,000000,90.084,96,88.2118,94.788,335.558333400445,0
CISS.US,D,20250310,000000,90,91.7098,85.212,87.612,312.27500006245504,0
CISS.US,D,20250311,000000,87.492,93.672,81.072,86.4,275.958333388525,0
CISS.US,D,20250312,000000,90,90,84.1618,86.958,177.775000035555,0
CISS.US,D,20250313,000000,86.4,90,82.8,86.988,208.21666670831002,0
CISS.US,D,20250314,000000,86.4,88.2002,81.888,85.212,152.0000000304,0
CISS.US,D,20250317,000000,85.2,89.988,82.812,85.8,166.96666670006002,0
CISS.US,D,20250318,000000,86.4,89.34,82.812,85.2,330.59166673278503,0
CISS.US,D,20250319,000000,82.428,85.188,81.612,83.388,308.85833339510503,0
CISS.US,D,20250320,000000,84,86.028,83.976,85.08,147.10000002942,0
CISS.US,D,20250321,000000,85.056,85.2,82.566,84.24,209.675000041935,0
CISS.US,D,20250324,000000,84,88.308,82.56,86.4,406.925000081385,0
CISS.US,D,20250325,000000,85.2,87.6,84,86.4,592.31666678513,0
CISS.US,D,20250326,000000,86.4,86.4,81.612,86.16,302.875000060575,0
CISS.US,D,20250327,000000,85.2,85.2,81.6,84,264.775000052955,0
CISS.US,D,20250328,000000,83.88,85.14,81.0002,83.88,467.6666667602,0
CISS.US,D,20250331,000000,84,84,75.876,78,608.7666667884199,0
CISS.US,D,20250401,000000,76.776,76.776,73.2,75.8878,260.85833338550503,0
CISS.US,D,20250402,000000,68.4,68.4,57,60.012,4650.13333426336,0
CISS.US,D,20250403,000000,58.212,69.3,57.6,69.3,3352.925000670585,0
CISS.US,D,20250404,000000,63.4,90,62.8,77.2,24297.45,0
CISS.US,D,20250407,000000,73,78.292,67.4,76,3793.05,0
CISS.US,D,20250408,000000,74.4,83.7,70.6,76.8,3391.5,0
CISS.US,D,20250409,000000,77,85.7,70,85,4240.7,0
CISS.US,D,20250410,000000,78,78.5,70,70.2,2133.55,0
CISS.US,D,20250411,000000,67.4,67.8,59.6,65.8,2530.4500000000003,0
CISS.US,D,20250414,000000,66,69,66,68,1047.55,0
CISS.US,D,20250415,000000,65.4,71.588,64,68.4,1530.3000000000002,0
CISS.US,D,20250416,000000,68.4,70,64.3,67.4,295.40000000000003,0
CISS.US,D,20250417,000000,66,67.8,65.334,67,343.20000000000005,0
CISS.US,D,20250421,000000,66.8,66.8,63.954,65.004,367.25,0
CISS.US,D,20250422,000000,66,71.086,65,68.672,621.2,0
CISS.US,D,20250423,000000,68.8,75.8,68.6,72,3434.8,0
CISS.US,D,20250424,000000,71.4,77.4,71.2,76,2543.55,0
CISS.US,D,20250425,000000,75.8,79.2,73.4,78,3192.8500000000004,0
CISS.US,D,20250428,000000,78,80.2,71.4,77.6,2158.4500000000003,0
CISS.US,D,20250429,000000,80.8,80.8,72.4,73,1148.6000000000001,0
CISS.US,D,20250430,000000,75.2,79.4,73.2,79.4,737.3000000000001,0
CISS.US,D,20250501,000000,78,83.2,74.838,76.4,3442.05,0
CISS.US,D,20250502,000000,76.6,78.73,74.2,77.4,1228.9,0
CISS.US,D,20250505,000000,79.998,82,76,81.2,1430.75,0
CISS.US,D,20250506,000000,81.2,81.2,78,78.6,1496.8500000000001,0
CISS.US,D,20250507,000000,78.8,79.8,75,79.6,635.85,0
CISS.US,D,20250508,000000,79.6,79.6,76.212,77,261.35,0
CISS.US,D,20250509,000000,78.6,81.8,71.9,77.04,3272.4500000000003,0
CISS.US,D,20250512,000000,77.6,80,75.6,79.4,1215.05,0
CISS.US,D,20250513,000000,77.354,85.798,77.354,79,4427.900000000001,0
CISS.US,D,20250514,000000,79,79.146,72.4,74.9,1473.95,0
CISS.US,D,20250515,000000,77.6,79.4,75,75,689.5500000000001,0
CISS.US,D,20250516,000000,75,78.234,70.6,73,1488.7,0
CISS.US,D,20250519,000000,73.4,76,72,72,1499.8000000000002,0
CISS.US,D,20250520,000000,73.06,74.6,72.4,74.6,545.5,0
CISS.US,D,20250521,000000,74,74.6,73,73.806,149.8,0
CISS.US,D,20250522,000000,72,75.968,71,72.4,558.7,0
CISS.US,D,20250523,000000,71.172,77.4,71.172,73.9,868,0
CISS.US,D,20250527,000000,75.8,75.8,71.4,72.6,332.75,0
CISS.US,D,20250528,000000,72.6,75.798,72,72.29,557.8000000000001,0
CISS.US,D,20250529,000000,72,74.154,72,74.154,79.65,0
CISS.US,D,20250530,000000,73.4,74.2,72,72.4,774.1500000000001,0
CISS.US,D,20250602,000000,72,73.052,71,71.2,338.85,0
CISS.US,D,20250603,000000,73,73.84,72,72.114,175.5,0
CISS.US,D,20250604,000000,72.2,76.574,71,74.4,1625.25,0
CISS.US,D,20250605,000000,73.2,74.968,71.002,72.2,296.1,0
CISS.US,D,20250606,000000,72.4,72.4,71.102,71.102,218,0
CISS.US,D,20250609,000000,71.604,72.8,71.604,71.964,117.65,0
CISS.US,D,20250610,000000,73,74,72,72,424.20000000000005,0
CISS.US,D,20250611,000000,74,74,72.35,73.2,168.60000000000002,0
CISS.US,D,20250612,000000,73.532,74,70.8,72,256.25,0
CISS.US,D,20250613,000000,74.8,88,70.2,84.6,32061.2,0
CISS.US,D,20250616,000000,80.4,80.4,67.45,72,16796.4,0
CISS.US,D,20250617,000000,72,82.56,69.4,76.8,9533.5,0
CISS.US,D,20250618,000000,74,75,64.6,70,7014.55,0
CISS.US,D,20250620,000000,70,76,65.402,71.6,18101.9,0
CISS.US,D,20250623,000000,73.2,80,67.8,71.4,21082.5,0
CISS.US,D,20250624,000000,72.8,73.6,66.2,71,4784.05,0
CISS.US,D,20250625,000000,68,69.38,64,66.1,3411.25,0
CISS.US,D,20250626,000000,67.8,68.202,64.2,66,2176.15,0
CISS.US,D,20250627,000000,66.2,66.302,61.2,64.4,1983.7,0
CISS.US,D,20250630,000000,66.6,67.2,65,65.6,949.6,0
CISS.US,D,20250701,000000,65.6,67.8,65,67.4,616.3000000000001,0
CISS.US,D,20250702,000000,67.4,67.8,66,66.4,669,0
CISS.US,D,20250703,000000,66.6,67.8,65,65.6,646.45,0
CISS.US,D,20250707,000000,66,67.2,65.632,66,576.75,0
CISS.US,D,20250708,000000,66,69.8,65.202,66,1820.0500000000002,0
CISS.US,D,20250709,000000,66,68.8,66,66.4,391.45000000000005,0
CISS.US,D,20250710,000000,67.972,68.6,66.4,67,1001.7,0
CISS.US,D,20250711,000000,66.4,67.2,65.4,66.4,1199.75,0
CISS.US,D,20250714,000000,67,71.8,65.6,66.6,3156.7000000000003,0
CISS.US,D,20250715,000000,68.8,71,67.2,69.6,1703.45,0
CISS.US,D,20250716,000000,69.6,79.8,66,70.2,8441,0
CISS.US,D,20250717,000000,72,75.53,70.402,72.8,2405.9,0
CISS.US,D,20250718,000000,73,75.4,71.682,73.1,2381.3,0
CISS.US,D,20250721,000000,71.6,75,68.2,73.8,2981.05,0
CISS.US,D,20250722,000000,74,75.226,71.6,72.8,1695.6000000000001,0
CISS.US,D,20250723,000000,73.4,73.4,68.6,70.2,1480.15,0
CISS.US,D,20250724,000000,69.4,71.4,68.8,70.2,731.8000000000001,0
CISS.US,D,20250725,000000,68,68,66,67,824.0500000000001,0
CISS.US,D,20250728,000000,67,67.53,65.4,66.148,1021.45,0
CISS.US,D,20250729,000000,66.8,66.8,64,64.4,798,0
CISS.US,D,20250730,000000,63.2,64.934,63.2,64.4,506.40000000000003,0
CISS.US,D,20250731,000000,63.8,64.798,63,64,1222.65,0
CISS.US,D,20250801,000000,64,64.4,63,63.4,1154.8500000000001,0
CISS.US,D,20250804,000000,63,66.6,63,63.2,813.9000000000001,0
CISS.US,D,20250805,000000,64.5,69.36,63.2,66.5,1708.65,0
CISS.US,D,20250806,000000,66.4,74.6,65,70.2,3059.2000000000003,0
CISS.US,D,20250807,000000,69.8,70.6,68.002,68.2,491.40000000000003,0
CISS.US,D,20250808,000000,69,69,63.4,64,1495.2,0
CISS.US,D,20250811,000000,63.4,64,62,62.2,1254.5,0
CISS.US,D,20250812,000000,62.2,67.2,62.2,63.8,4021.3,0
CISS.US,D,20250813,000000,65.6,65.6,63.002,64.6,327.45000000000005,0
CISS.US,D,20250814,000000,65.4,65.4,62.8,64.2,1229.0500000000002,0
CISS.US,D,20250815,000000,65.4,67.4,64.4,66,677.1500000000001,0
CISS.US,D,20250818,000000,65.5,66.398,64.8,66,410.40000000000003,0
CISS.US,D,20250819,000000,68.6,76,63.25,69,220315.65000000002,0
CISS.US,D,20250820,000000,67.6,72.4,62.4,69.4,8016.5,0
CISS.US,D,20250821,000000,67.8,67.8,57.6,61.2,8167,0
CISS.US,D,20250822,000000,61.8,63.778,60.4,60.6,2159.4,0
CISS.US,D,20250825,000000,60.6,63.094,59.122,61.4,1411.8000000000002,0
CISS.US,D,20250826,000000,61.4,62.276,59,60,935.5500000000001,0
CISS.US,D,20250827,000000,60,61.8,60,60.034,849.7,0
CISS.US,D,20250828,000000,61.6,61.6,59.8,59.8,799.1500000000001,0
CISS.US,D,20250829,000000,57.8,60.3,57.8,60.258,667.7,0
CISS.US,D,20250902,000000,59.6,59.6,55.4,58.3,2773,0
CISS.US,D,20250903,000000,55.4,58.398,55.4,57.4,2187.65,0
CISS.US,D,20250904,000000,49.4,54.2,43,43.2,7638.6,0
CISS.US,D,20250905,000000,43.6,44,41.6,41.8,4221.85,0
CISS.US,D,20250908,000000,41.8,42.8,40.6,42.2,2789.05,0
CISS.US,D,20250909,000000,42.2,42.2,40.8,41,27927.800000000003,0
CISS.US,D,20250910,000000,42.6,43.6,41.8,43.4,8152.200000000001,0
CISS.US,D,20250911,000000,43.8,45.6,43.4,45.6,3404.9500000000003,0
CISS.US,D,20250912,000000,45.6,45.6,44.07,45.4,1554.1000000000001,0
CISS.US,D,20250915,000000,45.4,46.8,43.5,45.2,2002.8000000000002,0
CISS.US,D,20250916,000000,45.2,55.8,44.2,53,16297,0
CISS.US,D,20250917,000000,46,51,45,48.6,473137.95,0
CISS.US,D,20250918,000000,48.8,48.8,44.2,47,18544.75,0
CISS.US,D,20250919,000000,45.2,46.8,44.2,45.8,6818.35,0
CISS.US,D,20250922,000000,44.8,46,42.4,45.8,10584.900000000001,0
CISS.US,D,20250923,000000,44.8,44.8,43,43,2642.05,0
CISS.US,D,20250924,000000,43.6,46,43,44.2,5088.3,0
CISS.US,D,20250925,000000,44.4,44.4,42.6,43,2388,0
CISS.US,D,20250926,000000,43,43.7,42.8,43,1153.8,0
CISS.US,D,20250929,000000,41.6,45,40,42.6,6485.700000000001,0
CISS.US,D,20250930,000000,41.95,44.588,41.8,42.88,1461.2,0
CISS.US,D,20251001,000000,42.8,44,41.8,43.5,2362.7000000000003,0
CISS.US,D,20251002,000000,43.2,44.8,43.2,44.6,1648.1000000000001,0
CISS.US,D,20251003,000000,45,46,44.402,44.8,1863.0500000000002,0
CISS.US,D,20251006,000000,45.4,45.4,42.802,44.2,3147.9500000000003,0
CISS.US,D,20251007,000000,64.4,118.798,61.4,81.4,4672854.9,0
CISS.US,D,20251008,000000,54.4,59,49.8,51.6,107281.70000000001,0
CISS.US,D,20251009,000000,52.6,53.68,48.8,49,24176.7,0
CISS.US,D,20251010,000000,49.4,51.8,42,44.6,26823.15,0
CISS.US,D,20251013,000000,47,47,43.2,43.2,10193.75,0
CISS.US,D,20251014,000000,44.6,45,43.2,44,8596.6,0
CISS.US,D,20251015,000000,43.4,43.8,41.2,42,14964.7,0
CISS.US,D,20251016,000000,42.6,42.8,41.2,41.4,5611.8,0
CISS.US,D,20251017,000000,43,48.6,40.6,44,97901.65000000001,0
CISS.US,D,20251020,000000,43.2,44.398,42.8,43.6,8439.800000000001,0
CISS.US,D,20251021,000000,43.4,44.5,41.4,43.6,8300.6,0
CISS.US,D,20251022,000000,43.2,43.8,42.6,42.8,5028.55,0
CISS.US,D,20251023,000000,42,43.6,41,43.4,11059.650000000001,0
CISS.US,D,20251024,000000,42.2,43,42,42.8,3698.55,0
CISS.US,D,20251027,000000,42.2,42.8,42,42.4,2314.25,0
CISS.US,D,20251028,000000,41.4,43,41.4,43,26544.550000000003,0
CISS.US,D,20251029,000000,44.6,44.6,41.802,43.2,6256,0
CISS.US,D,20251030,000000,43.2,44.1,42.2,42.8,1929.7,0
CISS.US,D,20251031,000000,42.8,43.4,41.8,43.4,4517.3,0
CISS.US,D,20251103,000000,42.6,43.47,41.8,43,3749.3,0
CISS.US,D,20251104,000000,41.8,42.248,38.2,38.6,10828.400000000001,0
CISS.US,D,20251105,000000,39,39.792,38,39,4212.55,0
CISS.US,D,20251106,000000,39.2,39.522,38.2,39.3,2562.9500000000003,0
CISS.US,D,20251107,000000,38.4,40.4,36.4,39.6,5687.200000000001,0
CISS.US,D,20251110,000000,40.6,40.6,38.6,39,2386.3,0
CISS.US,D,20251111,000000,41,41,39,39.6,3018.6000000000004,0
CISS.US,D,20251112,000000,39,39.6,38.2,39,1636.3000000000002,0
CISS.US,D,20251113,000000,39,40.4,31.4,35.4,8924.95,0
CISS.US,D,20251114,000000,35.2,36.2,33,33,4487.95,0
CISS.US,D,20251117,000000,33.8,35.282,33,33.6,3799.8500000000004,0
CISS.US,D,20251118,000000,34.4,35,32,33.6,2381.85,0
CISS.US,D,20251119,000000,35,36.2,31.6,33,1993.8000000000002,0
CISS.US,D,20251120,000000,32.4,32.6,29.2,29.4,1739.65,0
CISS.US,D,20251121,000000,29.4,31.2,29.4,31.2,956.95,0
CISS.US,D,20251124,000000,31.198,32.8,30.8,32.5,1666.5500000000002,0
CISS.US,D,20251125,000000,33,33.2,32.2,32.6,2552.9,0
CISS.US,D,20251126,000000,32.8,34.2,32.6,33.8,1252.0500000000002,0
CISS.US,D,20251128,000000,34,38,33.7,35.4,1804.4,0
CISS.US,D,20251201,000000,35.4,35.4,34,34.2,2109.9500000000003,0
CISS.US,D,20251202,000000,34.4,36.996,34.2,35.8,2693.65,0
CISS.US,D,20251203,000000,35.8,36,35.4,35.4,1549.6000000000001,0
CISS.US,D,20251204,000000,35.4,38.4,35.202,37.62,4327.05,0
CISS.US,D,20251205,000000,38.2,38.8,36.8,37.2,2310.75,0
CISS.US,D,20251208,000000,36.2,37.74,34.8,35.2,2515.8,0
CISS.US,D,20251209,000000,35,36.768,34.2,35,1789.9,0
CISS.US,D,20251210,000000,34.6,36.6,33.2,34.2,3372.4,0
CISS.US,D,20251211,000000,7,8,6.198,6.6,578316.35,0
CISS.US,D,20251212,000000,6,6.22,4.67,5,290479.4,0
CISS.US,D,20251215,000000,5,5,4,4.26,202267.45,0
CISS.US,D,20251216,000000,4.208,5.59,4.012,4.59,408972.7,0
CISS.US,D,20251217,000000,4.4,4.426,4.076,4.3,91843.1,0
CISS.US,D,20251218,000000,4.638,4.794,4.28,4.552,60525.600000000006,0
CISS.US,D,20251219,000000,4.45,4.55,4.22,4.44,53004.350000000006,0
CISS.US,D,20251222,000000,4.7,4.80298,4.302,4.626,59195.8,0
CISS.US,D,20251223,000000,4.55,4.582,4.4,4.402,41797.75,0
CISS.US,D,20251224,000000,4.4,4.488,4.3,4.34,20666.100000000002,0
CISS.US,D,20251226,000000,4.34,4.376,4.208,4.216,31460.25,0
CISS.US,D,20251229,000000,4.3,4.34,4.18,4.3,40366.75,0
CISS.US,D,20251230,000000,4.24,4.9,4.222,4.6,231937.5,0
CISS.US,D,20251231,000000,4.59,4.6,4.298,4.6,70257.8,0
CISS.US,D,20260102,000000,4.6,4.736,4.422,4.49,42879,0
CISS.US,D,20260105,000000,4.736,4.736,4.502,4.61,34390.4,0
CISS.US,D,20260106,000000,4.606,4.912,4.426,4.724,34814.4,0
CISS.US,D,20260107,000000,4.8,4.924,4.626,4.732,37779.55,0
CISS.US,D,20260108,000000,4.8,4.818,4.478,4.562,34617.65,0
CISS.US,D,20260109,000000,4.46,4.6,4.18,4.386,81772.20000000001,0
CISS.US,D,20260112,000000,4.2,4.38,3.85,3.886,70143.85,0
CISS.US,D,20260113,000000,3.86,3.918,2.86,2.982,232132,0
CISS.US,D,20260114,000000,2.976,3.04,2.442,2.756,348418.25,0
CISS.US,D,20260115,000000,2.758,2.804,2.468,2.74,214148.65000000002,0
CISS.US,D,20260116,000000,2.478,2.66,2.476,2.558,406410.85000000003,0
CISS.US,D,20260120,000000,2.556,2.784,2.4,2.604,308880.9,0
CISS.US,D,20260121,000000,2.492,2.876,2.42,2.822,212398.25,0
CISS.US,D,20260122,000000,1.878,2.02,1.642,1.82,1204049.3,0
CISS.US,D,20260123,000000,1.7,1.87,1.644,1.692,666802,0
CISS.US,D,20260126,000000,1.67,2.5,1.63,2.19,1163224,0
