<TICKER>,<PER>,<DATE>,<TIME>,<OPEN>,<HIGH>,<LOW>,<CLOSE>,<VOL>,<OPENINT>
LRHC.US,D,20231010,000000,4200,4424,2512,2800,1112.5,0
LRHC.US,D,20231011,000000,3000,3200,2400,2704,201.883,0
LRHC.US,D,20231012,000000,2528,2759.52,2400,2400,54.071200000000005,0
LRHC.US,D,20231013,000000,2528,2528,2000,2240,23.7837,0
LRHC.US,D,20231016,000000,2632,2800,2368,2416,75.3112,0
LRHC.US,D,20231017,000000,2384,2400,1786.72,1880,28.5325,0
LRHC.US,D,20231018,000000,1792,2112,1792,2024,27.9212,0
LRHC.US,D,20231019,000000,2120,2120,1904,1976,25.4225,0
LRHC.US,D,20231020,000000,1720,1904,1720,1872,20.218700000000002,0
LRHC.US,D,20231023,000000,1784,1920,1600,1776,80.72000000000001,0
LRHC.US,D,20231024,000000,1808,1816,1352,1384,231.018,0
LRHC.US,D,20231025,000000,1392,1432,1240,1256,132.818,0
LRHC.US,D,20231026,000000,1368,1680,1224,1352,623.932,0
LRHC.US,D,20231027,000000,1312,1312,856,968,148.702,0
LRHC.US,D,20231030,000000,992,1024,896,960,490.515,0
LRHC.US,D,20231031,000000,976,1144,920,1024,376.12300000000005,0
LRHC.US,D,20231101,000000,1024,1031.44,720,775.92,378.28000000000003,0
LRHC.US,D,20231102,000000,800,832,754.8,832,89.69120000000001,0
LRHC.US,D,20231103,000000,808,863.04,784,824,24.585,0
LRHC.US,D,20231106,000000,848,880,784,800,47.673700000000004,0
LRHC.US,D,20231107,000000,824,840,752.4,840,11.5737,0
LRHC.US,D,20231108,000000,872,872,792,800,32.1962,0
LRHC.US,D,20231109,000000,848,854.08,800,808,11.1437,0
LRHC.US,D,20231110,000000,800,816,736.88,760,53.2962,0
LRHC.US,D,20231113,000000,824,840,726.32,808,87.69500000000001,0
LRHC.US,D,20231114,000000,920,920,744,800,56.85750000000001,0
LRHC.US,D,20231115,000000,808,808,720,760,47.955000000000005,0
LRHC.US,D,20231116,000000,752.32,872,720.001,864,61.075,0
LRHC.US,D,20231117,000000,920,1624,864,1304,3114.13,0
LRHC.US,D,20231120,000000,1128,1640,1048.08,1560,967.9530000000001,0
LRHC.US,D,20231121,000000,1560,1573.28,1216.08,1504,247.425,0
LRHC.US,D,20231122,000000,1576,1584,1408,1464,78.2425,0
LRHC.US,D,20231124,000000,1424,1576,1424,1576,32.3775,0
LRHC.US,D,20231127,000000,1584,2251.2,1552,1992,645.423,0
LRHC.US,D,20231128,000000,2112,2224,1764,1880,175.34300000000002,0
LRHC.US,D,20231129,000000,1632,1848,1416,1568,300.75500000000005,0
LRHC.US,D,20231130,000000,1497.6,1808,1496.08,1592,73.355,0
LRHC.US,D,20231201,000000,1581.04,1832,1500.72,1640,18.1675,0
LRHC.US,D,20231204,000000,1808,1808,1592.32,1660,13.925,0
LRHC.US,D,20231205,000000,1608,1632,1600.88,1604,11.401200000000001,0
LRHC.US,D,20231206,000000,1632,1672,1583.52,1672,3.0250000000000004,0
LRHC.US,D,20231207,000000,1520,1686.56,1088,1312,118.84700000000001,0
LRHC.US,D,20231208,000000,1304,1352,1264,1264,13.3737,0
LRHC.US,D,20231211,000000,1280,1368,1200,1344,27.022500000000004,0
LRHC.US,D,20231212,000000,1208,1280,1208,1216,5.6725,0
LRHC.US,D,20231213,000000,1257.2,1384,1208,1312,10.871200000000002,0
LRHC.US,D,20231214,000000,1336,1384,1200,1200,10.6112,0
LRHC.US,D,20231215,000000,1376,1920,1248,1584,1374.92,0
LRHC.US,D,20231218,000000,1664,1664,1360,1368,95.12,0
LRHC.US,D,20231219,000000,1376,1504,1240,1248,42.1037,0
LRHC.US,D,20231220,000000,1376,1412.64,1240,1272,38.667500000000004,0
LRHC.US,D,20231221,000000,1256,1338.56,1240,1272,15.8825,0
LRHC.US,D,20231222,000000,1305.28,1360,1208,1208,66.0175,0
LRHC.US,D,20231226,000000,1208,1368,1208,1224,33.6637,0
LRHC.US,D,20231227,000000,1280,1384,1240,1272,62.7712,0
LRHC.US,D,20231228,000000,1240,1286.88,1216,1216,19.7487,0
LRHC.US,D,20231229,000000,1200,1248,1200,1200.08,17.8212,0
LRHC.US,D,20240102,000000,1252,1298.24,1200,1276,10.6712,0
LRHC.US,D,20240103,000000,1296,1296,1200,1216,11.65,0
LRHC.US,D,20240104,000000,1272,1272,1152.08,1192,21.117500000000003,0
LRHC.US,D,20240105,000000,1192,1280,1160,1201.6,15.065000000000001,0
LRHC.US,D,20240108,000000,1264,1360,1128,1279.92,11.191200000000002,0
LRHC.US,D,20240109,000000,1225.28,1225.28,1128.08,1168,3.3287500000000003,0
LRHC.US,D,20240110,000000,1159.84,1216,1136.08,1192.08,5.6675,0
LRHC.US,D,20240111,000000,1104,1208,1104,1200,2.5725000000000002,0
LRHC.US,D,20240112,000000,1184,1184,1184,1184,0.47625000000000006,0
LRHC.US,D,20240116,000000,1160,1160,1120,1128,5.62375,0
LRHC.US,D,20240117,000000,1196,1496,1196,1464,106.36300000000001,0
LRHC.US,D,20240118,000000,1464,1560,1262.56,1464,24.2087,0
LRHC.US,D,20240119,000000,1504.16,1544,1224.08,1384,8.58375,0
LRHC.US,D,20240122,000000,1448,1555.6,1352,1364,7.55625,0
LRHC.US,D,20240123,000000,1424,1576,1280.08,1420,10.3225,0
LRHC.US,D,20240124,000000,1258.72,1479.92,1256,1256,2.75875,0
LRHC.US,D,20240125,000000,1264,1356,1238.64,1352,4.0200000000000005,0
LRHC.US,D,20240126,000000,1248,1304.96,1224.08,1224.08,1.86375,0
LRHC.US,D,20240129,000000,1240,1495.2,1240,1280,2.6987500000000004,0
LRHC.US,D,20240131,000000,1320,1386.56,1200,1386.56,11.7812,0
LRHC.US,D,20240201,000000,1224,1399.92,1216,1365.2,9.951250000000002,0
LRHC.US,D,20240202,000000,1312,1312,1224,1256,1.7437500000000001,0
LRHC.US,D,20240205,000000,1336,1336,1336,1336,0.47750000000000004,0
LRHC.US,D,20240206,000000,1208.08,1408,1208,1408,2.8112500000000002,0
LRHC.US,D,20240207,000000,1228,1324.4,1228,1324.4,1.6425,0
LRHC.US,D,20240208,000000,1304,1304,1304,1304,1.0375,0
LRHC.US,D,20240209,000000,1320,1350.16,1304,1350.16,2.67375,0
LRHC.US,D,20240212,000000,1352,1360,1304,1304,3.2750000000000004,0
LRHC.US,D,20240214,000000,1352,1360,1312,1352,3.1950000000000003,0
LRHC.US,D,20240215,000000,1328,1328,1208,1284,9.821250000000001,0
LRHC.US,D,20240216,000000,1324,1360,1200,1200.08,4.95375,0
LRHC.US,D,20240220,000000,1200,1256,1048,1048,11.012500000000001,0
LRHC.US,D,20240221,000000,1323.44,1323.44,1054.24,1054.24,2.0275,0
LRHC.US,D,20240222,000000,3864,4400,2000,2192,38822.700000000004,0
LRHC.US,D,20240223,000000,1952,2112,1680,2040,846.6870000000001,0
LRHC.US,D,20240226,000000,2136,2136,1792,1872,157.861,0
LRHC.US,D,20240227,000000,1632,1720.08,1472,1568,133.29000000000002,0
LRHC.US,D,20240228,000000,1520,1520,1280,1360,193.912,0
LRHC.US,D,20240229,000000,1344,1496,1264,1397.2,113.732,0
LRHC.US,D,20240301,000000,1296,1480,1296,1464,95.90870000000001,0
LRHC.US,D,20240304,000000,1360,1576,1328,1496,130.506,0
LRHC.US,D,20240305,000000,1662.48,1853.2,1480,1680,180.56600000000003,0
LRHC.US,D,20240306,000000,1696,1704,1440.08,1496,49.145,0
LRHC.US,D,20240307,000000,1600,1848,1464,1688,231.931,0
LRHC.US,D,20240308,000000,1720,1720,1408.72,1416,319.79,0
LRHC.US,D,20240311,000000,1448,1519.92,1400,1400,56.593700000000005,0
LRHC.US,D,20240312,000000,1376,1488.4,1376,1408,46.965,0
LRHC.US,D,20240313,000000,1440,1624,1416,1440.48,177.67000000000002,0
LRHC.US,D,20240314,000000,1441.04,1544.64,1392,1392,44.68620000000001,0
LRHC.US,D,20240315,000000,1424,1568,1368,1488,35.830000000000005,0
LRHC.US,D,20240318,000000,1456,1520,1352.08,1400,35.405,0
LRHC.US,D,20240319,000000,1392,1460,1328,1360,76.69,0
LRHC.US,D,20240320,000000,1320,1440,1320,1376,46.736200000000004,0
LRHC.US,D,20240321,000000,1440,1480,1368,1424,36.0362,0
LRHC.US,D,20240322,000000,1328,1439.92,1328,1400,21.116200000000003,0
LRHC.US,D,20240325,000000,1560,1560,1320,1352,57.0387,0
LRHC.US,D,20240326,000000,1392,1471.28,1320,1328,16.7787,0
LRHC.US,D,20240327,000000,1384,1479.92,1280,1392,19.292500000000004,0
LRHC.US,D,20240328,000000,1320,1400,1320,1328,18.427500000000002,0
LRHC.US,D,20240401,000000,1400,1480,1288,1376,12.3937,0
LRHC.US,D,20240402,000000,1309.6,1375.2,1304,1304,4.6937500000000005,0
LRHC.US,D,20240403,000000,1304,1359.36,1280.8,1288,11.387500000000001,0
LRHC.US,D,20240404,000000,1288,1312,1240,1240,28.1212,0
LRHC.US,D,20240405,000000,1296,1344,1200,1240,46.986200000000004,0
LRHC.US,D,20240408,000000,1192,1280,1136.08,1280,34.12,0
LRHC.US,D,20240409,000000,1280,1280.8,1224,1280,8.777500000000002,0
LRHC.US,D,20240410,000000,1232,1280,1224,1280,3.62125,0
LRHC.US,D,20240411,000000,1280,1303.92,1160,1224,17.915000000000003,0
LRHC.US,D,20240412,000000,1280,1280,1104.08,1184,12.6225,0
LRHC.US,D,20240415,000000,1264,1280,1168,1176,6.1925,0
LRHC.US,D,20240416,000000,1208,1240,1128.8,1180,9.19125,0
LRHC.US,D,20240417,000000,1192,1400,1191.68,1280,174.07000000000002,0
LRHC.US,D,20240418,000000,1456,1744,1392,1400,594.162,0
LRHC.US,D,20240419,000000,1440,1512,1376,1376,58.3987,0
LRHC.US,D,20240422,000000,1376,1440,1272.64,1278.48,56.863699999999994,0
LRHC.US,D,20240423,000000,1240,1288,1200,1288,20.1687,0
LRHC.US,D,20240424,000000,1232,1416.88,1201.52,1280,16.5625,0
LRHC.US,D,20240425,000000,1312,1440,1264,1368,39.915,0
LRHC.US,D,20240426,000000,1390.72,1392,1308.56,1360,12.1325,0
LRHC.US,D,20240429,000000,1400,1400,1320,1392,16.2287,0
LRHC.US,D,20240430,000000,1376,1402.16,1320,1320,15.816200000000002,0
LRHC.US,D,20240501,000000,1296,1360,1208,1264,36.005,0
LRHC.US,D,20240502,000000,1320,1355.2,1280,1344,15.0212,0
LRHC.US,D,20240503,000000,1336,1370.56,1204,1280,54.3925,0
LRHC.US,D,20240506,000000,1280,1336,1216,1328,11.22,0
LRHC.US,D,20240507,000000,1272,1296,1192,1192,49.4712,0
LRHC.US,D,20240508,000000,1192,1272,1192,1248,5.9662500000000005,0
LRHC.US,D,20240509,000000,1272,1272,1144,1183.6,43.410000000000004,0
LRHC.US,D,20240510,000000,1160,1192,1056,1064,61.4987,0
LRHC.US,D,20240513,000000,1072,1200,1048,1072,43.80500000000001,0
LRHC.US,D,20240514,000000,1168,1168,1029.28,1096,43.0662,0
LRHC.US,D,20240515,000000,1120,1120,1008,1040,43.486200000000004,0
LRHC.US,D,20240516,000000,1040,1127.92,952,960,214.94299999999998,0
LRHC.US,D,20240517,000000,992,1119.92,912,1024,95.08250000000001,0
LRHC.US,D,20240520,000000,992,1024,944,1000,29.1087,0
LRHC.US,D,20240521,000000,1000,1120,992,1072,78.7487,0
LRHC.US,D,20240522,000000,1088,1088,967.28,1032,22.75,0
LRHC.US,D,20240523,000000,984,1005.28,968.64,975.84,6.1925,0
LRHC.US,D,20240524,000000,976,1040,968,968,18.975,0
LRHC.US,D,20240528,000000,944,992,848,848,35.4412,0
LRHC.US,D,20240529,000000,848,904,808,880,61.415,0
LRHC.US,D,20240530,000000,896,896,808,824,43.6037,0
LRHC.US,D,20240531,000000,816,856,816,848,16.268700000000003,0
LRHC.US,D,20240603,000000,832,1136,832,992,248.98600000000002,0
LRHC.US,D,20240604,000000,1080,1120,944,1000,110.902,0
LRHC.US,D,20240605,000000,992,1000,904,952,59.129999999999995,0
LRHC.US,D,20240606,000000,888,936,856,896,42.876200000000004,0
LRHC.US,D,20240607,000000,880,912,798.4,904,57.7062,0
LRHC.US,D,20240610,000000,880,904,880,896,14.421199999999999,0
LRHC.US,D,20240611,000000,880,920,855.2,904.8,37.6312,0
LRHC.US,D,20240612,000000,720,792,640.8,648,187.976,0
LRHC.US,D,20240613,000000,628.56,648,488.96,488.96,171.09500000000003,0
LRHC.US,D,20240614,000000,474.32,1448,418.48,936,50753,0
LRHC.US,D,20240617,000000,769.68,880,728.16,832,2105.19,0
LRHC.US,D,20240618,000000,832,2336,808,1432,66122.6,0
LRHC.US,D,20240620,000000,1152,1440,1024,1264,2384.05,0
LRHC.US,D,20240621,000000,1264,1351.44,1120,1128,2453.1400000000003,0
LRHC.US,D,20240624,000000,1152,1416,1120,1200,940.68,0
LRHC.US,D,20240625,000000,1992,2688,1336,1408,86302.1,0
LRHC.US,D,20240626,000000,1360,1720,1352.08,1720,3941.05,0
LRHC.US,D,20240627,000000,1720,1880,1664,1760,1441.03,0
LRHC.US,D,20240628,000000,1792,1920,1680,1688,582.795,0
LRHC.US,D,20240701,000000,1600,1639.36,1440,1472,423.2060000000001,0
LRHC.US,D,20240702,000000,1560,1680,1488,1544,566.073,0
LRHC.US,D,20240703,000000,1552,1556,1440,1488,209.413,0
LRHC.US,D,20240705,000000,1464,1536,1376,1376,209.35100000000003,0
LRHC.US,D,20240708,000000,1376,1408,1232,1272,499.85100000000006,0
LRHC.US,D,20240709,000000,1280,1328,1240,1256,156.80100000000002,0
LRHC.US,D,20240710,000000,1248,1380,1248,1312,249.46500000000003,0
LRHC.US,D,20240711,000000,1312,1376,1256,1264,159.66500000000002,0
LRHC.US,D,20240712,000000,1272,1344,1264,1336,119.97200000000001,0
LRHC.US,D,20240715,000000,1296,1304,1200,1232,221.285,0
LRHC.US,D,20240716,000000,1256,1264,1200,1256,120.203,0
LRHC.US,D,20240717,000000,1224,1416,1224,1296,982.473,0
LRHC.US,D,20240718,000000,1272,1312,1224.08,1272,110.457,0
LRHC.US,D,20240719,000000,1264,1268.48,1208,1232,104.298,0
LRHC.US,D,20240722,000000,1224,1232,1162.48,1176,133.423,0
LRHC.US,D,20240723,000000,1160,1203.2,1120,1144,108.831,0
LRHC.US,D,20240724,000000,1192,1200,1088,1128,196.173,0
LRHC.US,D,20240725,000000,1096,1135.12,1048,1064,137.591,0
LRHC.US,D,20240726,000000,1072,1111.92,1048,1080,64.9362,0
LRHC.US,D,20240729,000000,1096,1096,928,952,186.031,0
LRHC.US,D,20240730,000000,944,992,880,904,81.5012,0
LRHC.US,D,20240731,000000,944,1020.08,840,984,168.04100000000003,0
LRHC.US,D,20240801,000000,1024,1024,904,936,101.367,0
LRHC.US,D,20240802,000000,904,1000,888,952,62.29,0
LRHC.US,D,20240805,000000,848,912,840,888,91.9675,0
LRHC.US,D,20240806,000000,848,968,848,936,58.2512,0
LRHC.US,D,20240807,000000,934.96,960,928,944,4.34375,0
LRHC.US,D,20240808,000000,976.88,992,904,928,28.595,0
LRHC.US,D,20240809,000000,928,928,904,928,55.21000000000001,0
LRHC.US,D,20240812,000000,928,934.32,880,896,55.300000000000004,0
LRHC.US,D,20240813,000000,880,920,872,904,24.712500000000002,0
LRHC.US,D,20240814,000000,888,992,888,992,41.2525,0
LRHC.US,D,20240815,000000,992,1104,992,1104,67.6887,0
LRHC.US,D,20240816,000000,1111.2,1120,744.96,888,12427.800000000001,0
LRHC.US,D,20240819,000000,832,928,832,888,1196.76,0
LRHC.US,D,20240820,000000,904,904,800,840,432.37700000000007,0
LRHC.US,D,20240821,000000,824,856,800,828,768.662,0
LRHC.US,D,20240822,000000,816,832,796.04,808,166.79700000000003,0
LRHC.US,D,20240823,000000,824,824,793.44,800,222.487,0
LRHC.US,D,20240826,000000,816,816,792,799.84,104.06500000000001,0
LRHC.US,D,20240827,000000,808,856,800,846.96,233.067,0
LRHC.US,D,20240828,000000,832,840,760,784,141.263,0
LRHC.US,D,20240829,000000,800,800,760,780.698,40.7137,0
LRHC.US,D,20240830,000000,782.72,798.08,760.08,784,60.2337,0
LRHC.US,D,20240903,000000,800,808,776,788.56,98.4475,0
LRHC.US,D,20240904,000000,776,792,720,792,71.5587,0
LRHC.US,D,20240905,000000,784,807.92,753.92,792,53.69120000000001,0
LRHC.US,D,20240906,000000,792,792,705.6,729.36,103.923,0
LRHC.US,D,20240909,000000,720,736,698.56,736,49.35,0
LRHC.US,D,20240910,000000,698.24,720,680,720,123.976,0
LRHC.US,D,20240911,000000,704,715.96,671.84,699.92,83.9625,0
LRHC.US,D,20240912,000000,704,719.84,656,661.6,71.61,0
LRHC.US,D,20240913,000000,666.696,714.4,666.696,714.4,35.5662,0
LRHC.US,D,20240916,000000,714.4,748,656,680,212.47800000000004,0
LRHC.US,D,20240917,000000,720,720,568,592,614.147,0
LRHC.US,D,20240918,000000,592,597.84,505.36,521.28,293.035,0
LRHC.US,D,20240919,000000,555.52,575.92,520,527.44,129.89100000000002,0
LRHC.US,D,20240920,000000,534.4,543.2,512.8,520,226.32,0
LRHC.US,D,20240923,000000,543.2,555.44,524,536,51.715,0
LRHC.US,D,20240924,000000,528,544.32,520,520.16,41.673700000000004,0
LRHC.US,D,20240925,000000,528,552,519.6,537.12,138.39000000000001,0
LRHC.US,D,20240926,000000,520.8,544,511.68,542.4,234.608,0
LRHC.US,D,20240927,000000,575.84,576,512,520,610.786,0
LRHC.US,D,20240930,000000,528,543.92,504,518.4,227.66100000000003,0
LRHC.US,D,20241001,000000,508,548.8,504,504,100.322,0
LRHC.US,D,20241002,000000,519.2,519.2,496,504,42.52250000000001,0
LRHC.US,D,20241003,000000,496,520,488,495.92,55.8562,0
LRHC.US,D,20241004,000000,489.6,511.92,484.8,484.8,42.3287,0
LRHC.US,D,20241007,000000,488,503.92,464.08,467.92,125.85000000000001,0
LRHC.US,D,20241008,000000,465.68,488.24,464,472.8,81.13,0
LRHC.US,D,20241009,000000,480,480.08,448.88,456,155.02300000000002,0
LRHC.US,D,20241010,000000,472,472,455.92,456,21.5025,0
LRHC.US,D,20241011,000000,456,467.2,423.2,436,179.43800000000002,0
LRHC.US,D,20241014,000000,479.2,479.92,400.4,405.2,442.05500000000006,0
LRHC.US,D,20241015,000000,400.4,432,400.4,420.56,315.153,0
LRHC.US,D,20241016,000000,412.24,423.84,396,408,138.782,0
LRHC.US,D,20241017,000000,408,408.24,396.08,407.2,32.9675,0
LRHC.US,D,20241018,000000,396,408,392.08,400,55.196200000000005,0
LRHC.US,D,20241021,000000,400.96,420,376.08,388,120.19500000000001,0
LRHC.US,D,20241022,000000,388,399.919,384,392,57.3962,0
LRHC.US,D,20241023,000000,656,1424,604.8,904,228135.6,0
LRHC.US,D,20241024,000000,832,864,688,832,7633.74,0
LRHC.US,D,20241025,000000,840,840,680,680,1985.0500000000002,0
LRHC.US,D,20241028,000000,664.48,720,536,684.8,1478.8600000000001,0
LRHC.US,D,20241029,000000,703.2,708,609.521,624,528.326,0
LRHC.US,D,20241030,000000,608,628.801,600,611.6,461.786,0
LRHC.US,D,20241031,000000,636,636,576,598.24,348.40000000000003,0
LRHC.US,D,20241101,000000,580.32,639.919,580.32,605.68,237.045,0
LRHC.US,D,20241104,000000,592,639.12,579.84,624,243.288,0
LRHC.US,D,20241105,000000,632,704,616.08,680,351.135,0
LRHC.US,D,20241106,000000,690.64,698.72,656,680,246.56799999999998,0
LRHC.US,D,20241107,000000,672.8,695.92,644.08,656,186.955,0
LRHC.US,D,20241108,000000,634.4,680,608,680,265.691,0
LRHC.US,D,20241111,000000,680,680,608.88,628.08,313.137,0
LRHC.US,D,20241112,000000,608,644,600,627.2,111.58800000000002,0
LRHC.US,D,20241113,000000,608.24,655.2,576,631.2,206.245,0
LRHC.US,D,20241114,000000,612.24,631.199,588,605.68,52.133700000000005,0
LRHC.US,D,20241115,000000,624,631.92,576,611.2,77.7987,0
LRHC.US,D,20241118,000000,576,632,576,593.2,166.203,0
LRHC.US,D,20241119,000000,580,622.4,580,607.2,200.026,0
LRHC.US,D,20241120,000000,640,680,580.32,608.8,2670.9700000000003,0
LRHC.US,D,20241121,000000,616,621.6,592,616,205.94000000000003,0
LRHC.US,D,20241122,000000,564,584,536,544.08,479.186,0
LRHC.US,D,20241125,000000,559.28,571.28,504.8,548.8,261.603,0
LRHC.US,D,20241126,000000,560,560,512.48,523.36,58.955,0
LRHC.US,D,20241127,000000,530.24,544,510.8,531.2,110.681,0
LRHC.US,D,20241129,000000,534.4,534.4,512.88,520,18.818700000000003,0
LRHC.US,D,20241202,000000,526.56,575.92,512,564,172.626,0
LRHC.US,D,20241203,000000,576,576,521.6,535.92,92.92000000000002,0
LRHC.US,D,20241204,000000,560,560,512,544.08,90.5875,0
LRHC.US,D,20241205,000000,552,559.92,528,528,91.64,0
LRHC.US,D,20241206,000000,552,598.88,543.2,560.4,130.932,0
LRHC.US,D,20241209,000000,560,583.36,520,541.6,385.127,0
LRHC.US,D,20241210,000000,536,556.8,520.08,556.8,60.9137,0
LRHC.US,D,20241211,000000,556,556.8,520,544,149.823,0
LRHC.US,D,20241212,000000,552,576,536,568,60.7362,0
LRHC.US,D,20241213,000000,568,568,532,544.8,75.7275,0
LRHC.US,D,20241216,000000,544,568,544,544,85.5012,0
LRHC.US,D,20241217,000000,544,568.4,544,548.8,100.387,0
LRHC.US,D,20241218,000000,544,568.4,544,544,164.606,0
LRHC.US,D,20241219,000000,552,560,544,544,42.79,0
LRHC.US,D,20241220,000000,549.36,669.04,529.84,645.76,827.8360000000001,0
LRHC.US,D,20241223,000000,671.84,671.84,601.6,604,697.323,0
LRHC.US,D,20241224,000000,608.32,638.64,600,632,149.298,0
LRHC.US,D,20241226,000000,621.44,640,600,616.8,74.915,0
LRHC.US,D,20241227,000000,616,640,600.001,621.2,141.668,0
LRHC.US,D,20241230,000000,638.8,704,604.48,694.4,268.877,0
LRHC.US,D,20241231,000000,743.2,760,648,675.52,376.163,0
LRHC.US,D,20250102,000000,663.28,711.2,639.6,652,235.80200000000002,0
LRHC.US,D,20250103,000000,632.4,659.2,604.8,640,63.555,0
LRHC.US,D,20250106,000000,608.72,656,591.6,600,225.75300000000004,0
LRHC.US,D,20250107,000000,584.24,629.92,584.08,608,99.9812,0
LRHC.US,D,20250108,000000,648,952,404,424.08,16426.2,0
LRHC.US,D,20250110,000000,425.6,431.92,360.8,379.44,2551.92,0
LRHC.US,D,20250113,000000,368.24,396.96,364.56,376,896.2950000000001,0
LRHC.US,D,20250114,000000,376,391.76,342.808,377.92,1144.89,0
LRHC.US,D,20250115,000000,376.72,391.84,352,372,985.84,0
LRHC.US,D,20250116,000000,376,410.96,344.96,368,2882.83,0
LRHC.US,D,20250117,000000,351.2,373.6,329.76,373.6,1254.3600000000001,0
LRHC.US,D,20250121,000000,376,432.24,372.08,400.8,1794.5400000000002,0
LRHC.US,D,20250122,000000,400,400,376.8,384,1268.88,0
LRHC.US,D,20250123,000000,400,400,339.2,353.76,7625.22,0
LRHC.US,D,20250124,000000,366,368,283.44,326.8,4203.14,0
LRHC.US,D,20250127,000000,320,379.999,312,332.8,3583.56,0
LRHC.US,D,20250128,000000,339.2,354.88,296,322.48,2312.96,0
LRHC.US,D,20250129,000000,328,423.04,308.001,403.2,4925.87,0
LRHC.US,D,20250130,000000,395.84,395.84,323.68,337.84,3941,0
LRHC.US,D,20250131,000000,340,343.92,320,343.36,1602.7200000000003,0
LRHC.US,D,20250203,000000,328,336,305.6,328,1276.13,0
LRHC.US,D,20250204,000000,318.72,327.92,308.4,316.48,1162.44,0
LRHC.US,D,20250205,000000,310.64,312,200,215.6,5569.91,0
LRHC.US,D,20250206,000000,216,246.8,204,233.84,2117.2400000000002,0
LRHC.US,D,20250207,000000,236.8,236.8,208,212.4,1181.44,0
LRHC.US,D,20250210,000000,232,232,208,220,750.567,0
LRHC.US,D,20250211,000000,216.16,222.16,176.32,192.64,2686.73,0
LRHC.US,D,20250212,000000,191.6,296,191.6,207.2,13560.5,0
LRHC.US,D,20250213,000000,208,208,160,174.72,6104.93,0
LRHC.US,D,20250214,000000,175.2,200,160,194.4,3100.6000000000004,0
LRHC.US,D,20250218,000000,184,196.32,174.96,180,2108.0400000000004,0
LRHC.US,D,20250219,000000,177.76,195.199,176.64,190.8,852.3450000000001,0
LRHC.US,D,20250220,000000,188.24,190.08,171.6,176.8,823.673,0
LRHC.US,D,20250221,000000,179.84,212,178.32,204.08,3443.52,0
LRHC.US,D,20250224,000000,208,212,184,199.12,1986.4700000000003,0
LRHC.US,D,20250225,000000,202.96,202.96,176.8,189.52,1503.28,0
LRHC.US,D,20250226,000000,187.2,191.92,184,191.04,383.425,0
LRHC.US,D,20250227,000000,187.2,189.6,168.8,172,1541.5700000000002,0
LRHC.US,D,20250228,000000,171.2,172,168,172,532.917,0
LRHC.US,D,20250303,000000,170.32,176.96,161.2,161.44,756.0880000000001,0
LRHC.US,D,20250304,000000,161.6,168,144.4,161.6,638.321,0
LRHC.US,D,20250305,000000,173.6,173.6,153.12,165.6,307.6,0
LRHC.US,D,20250306,000000,170.4,180,154.72,160.8,642.865,0
LRHC.US,D,20250307,000000,156.56,168,156.56,161.28,562.883,0
LRHC.US,D,20250310,000000,166.4,166.72,145.6,150.16,807.973,0
LRHC.US,D,20250311,000000,150.4,157.52,145.2,157.52,313.90700000000004,0
LRHC.US,D,20250312,000000,160,171.76,152,164,412.157,0
LRHC.US,D,20250313,000000,172,172,156.56,164.08,382.797,0
LRHC.US,D,20250314,000000,168,179.92,160.48,175.92,648.8100000000001,0
LRHC.US,D,20250317,000000,172,179.92,162.56,171.36,378.443,0
LRHC.US,D,20250318,000000,166.24,172.32,164.72,164.8,165.21800000000002,0
LRHC.US,D,20250319,000000,165.28,169.2,161.2,165.68,294.195,0
LRHC.US,D,20250320,000000,168,172.8,163.52,170.4,252.99200000000002,0
LRHC.US,D,20250321,000000,168.16,179.12,166.72,176,479.446,0
LRHC.US,D,20250324,000000,175.76,175.92,162.72,171.2,447.59799999999996,0
LRHC.US,D,20250325,000000,171.04,175.84,148.08,165.52,933.166,0
LRHC.US,D,20250326,000000,164,168,157.6,160,259.63100000000003,0
LRHC.US,D,20250327,000000,157.04,157.04,148.08,152,355.862,0
LRHC.US,D,20250328,000000,166.4,166.4,146,151.36,418.242,0
LRHC.US,D,20250331,000000,151.2,151.52,143.52,144,685.182,0
LRHC.US,D,20250401,000000,144,149.6,144,149.28,299.937,0
LRHC.US,D,20250402,000000,148,156.96,148,149.6,450.233,0
LRHC.US,D,20250403,000000,145.12,161.6,142.8,154.4,577.716,0
LRHC.US,D,20250404,000000,152,158.4,140.4,144.88,527.6020000000001,0
LRHC.US,D,20250407,000000,144.8,144.88,130,136,484.125,0
LRHC.US,D,20250408,000000,141.68,147.36,136,143.36,382.773,0
LRHC.US,D,20250409,000000,145.6,150.24,133.84,148.8,374.03600000000006,0
LRHC.US,D,20250410,000000,147.2,151.2,136,147.28,315.135,0
LRHC.US,D,20250411,000000,151.44,151.44,144,150.4,614.488,0
LRHC.US,D,20250414,000000,160,165.04,145.84,160.8,819.3030000000001,0
LRHC.US,D,20250415,000000,165.6,167.84,160,161.6,4482.530000000001,0
LRHC.US,D,20250416,000000,175.12,178.8,102.48,120,243488.7,0
LRHC.US,D,20250417,000000,114.72,120,103.6,107.84,12762.7,0
LRHC.US,D,20250421,000000,109.68,109.68,80.24,86.4,14153.400000000001,0
LRHC.US,D,20250422,000000,80,94.56,73.6,89.36,8238.22,0
LRHC.US,D,20250423,000000,96,102.4,91.68,97.68,6646.19,0
LRHC.US,D,20250424,000000,139.6,155.44,115.6,122.48,214566.90000000002,0
LRHC.US,D,20250425,000000,116.72,124.24,104,121.6,10070.800000000001,0
LRHC.US,D,20250428,000000,124.08,136.08,116.8,126.64,7837.310000000001,0
LRHC.US,D,20250429,000000,119.36,132.32,118.72,123.2,2689.6200000000003,0
LRHC.US,D,20250430,000000,121.76,124.8,112.48,116.4,1656.5,0
LRHC.US,D,20250501,000000,112,116.639,102.8,113.6,2014.3500000000001,0
LRHC.US,D,20250502,000000,116.96,118.4,112,116,1679.4700000000003,0
LRHC.US,D,20250505,000000,112.48,120,105.6,112.96,2890.08,0
LRHC.US,D,20250506,000000,111.92,118.8,108.88,111.2,2367.8900000000003,0
LRHC.US,D,20250507,000000,108,115.2,108,112.8,2281.94,0
LRHC.US,D,20250508,000000,110.4,114.32,109.6,112.64,1286.5,0
LRHC.US,D,20250509,000000,114.24,115.6,111.28,112.96,952.5500000000001,0
LRHC.US,D,20250512,000000,115.2,115.28,105.36,109.6,2472.6400000000003,0
LRHC.US,D,20250513,000000,108.96,124,108.96,112,3023.63,0
LRHC.US,D,20250514,000000,108.64,115.68,95.2,108.8,43880,0
LRHC.US,D,20250515,000000,111.2,115.84,103.6,111.76,3826.6000000000004,0
LRHC.US,D,20250516,000000,111.36,128.072,108.88,119.04,6374.62,0
LRHC.US,D,20250519,000000,116.8,118.8,113.6,116.16,1820.2400000000002,0
LRHC.US,D,20250520,000000,114.48,118.4,110,113.76,1989,0
LRHC.US,D,20250521,000000,111.2,114.8,105.04,112.32,5597.27,0
LRHC.US,D,20250522,000000,112.96,115.04,109.52,112.16,1307.3600000000001,0
LRHC.US,D,20250523,000000,110.4,115.2,108.48,112.56,2113.57,0
LRHC.US,D,20250527,000000,115.84,119.2,110.8,119.2,2146.32,0
LRHC.US,D,20250528,000000,115.84,118.08,113.04,113.6,3875.01,0
LRHC.US,D,20250529,000000,108.32,116.4,101.92,106.48,9796.27,0
LRHC.US,D,20250530,000000,102,139.92,99.92,107.52,36018.700000000004,0
LRHC.US,D,20250602,000000,103.84,103.84,98.16,100.72,6034.71,0
LRHC.US,D,20250603,000000,99.2,102.879,90.4,96.48,2561.51,0
LRHC.US,D,20250604,000000,96,99.2,92,96,3284.7300000000005,0
LRHC.US,D,20250605,000000,97.52,103.92,95.36,100.72,4332.09,0
LRHC.US,D,20250606,000000,97.04,107.92,96.4,106.32,1483.29,0
LRHC.US,D,20250609,000000,104,106.32,101.12,103.28,11054,0
LRHC.US,D,20250610,000000,107.84,122.72,104.4,116.64,7870.889999999999,0
LRHC.US,D,20250611,000000,107.2,115.76,107.2,110.48,2539.61,0
LRHC.US,D,20250612,000000,111.68,121.36,105.36,107.44,6151.84,0
LRHC.US,D,20250613,000000,104,107.119,96.16,103.2,1925.1400000000003,0
LRHC.US,D,20250616,000000,108.08,108.08,100,106.4,729.402,0
LRHC.US,D,20250617,000000,102.4,104.4,94.48,98.32,969.281,0
LRHC.US,D,20250618,000000,97.68,104,97.68,104,1125.1299999999999,0
LRHC.US,D,20250620,000000,100.08,107.28,96,104.08,5624.21,0
LRHC.US,D,20250623,000000,103.2,112,101.2,111.12,1415.1000000000001,0
LRHC.US,D,20250624,000000,109.6,112.4,105.6,111.28,1305.18,0
LRHC.US,D,20250625,000000,111.76,119.2,106.48,110.4,1910.26,0
LRHC.US,D,20250626,000000,110,120,107.12,116.32,2757.61,0
LRHC.US,D,20250627,000000,115.52,115.52,110.16,110.48,2481.32,0
LRHC.US,D,20250630,000000,110.4,111.36,101.52,104.4,1958.5400000000002,0
LRHC.US,D,20250701,000000,103.6,104,100,101.28,779.395,0
LRHC.US,D,20250702,000000,71.68,74.08,64,64.08,14103.1,0
LRHC.US,D,20250703,000000,178.56,186.56,101.28,120,810715.9,0
LRHC.US,D,20250707,000000,112.1,112.1,70.1,83.9,38887.1,0
LRHC.US,D,20250708,000000,90.2,94,77.9,80.9,44028.100000000006,0
LRHC.US,D,20250709,000000,77.5,81.2,72,75.85,12534.900000000001,0
LRHC.US,D,20250710,000000,78.9,79.6,73.55,77.2,6593.1,0
LRHC.US,D,20250711,000000,76.6,79.368,71.758,74.55,4725,0
LRHC.US,D,20250714,000000,74.6,75.694,72.5,74,4074.7000000000003,0
LRHC.US,D,20250715,000000,69.8,76,66,72,101421.3,0
LRHC.US,D,20250716,000000,70.8,78.8,70.3,76.4,8348,0
LRHC.US,D,20250717,000000,76.4,76.4,73,73.8,3587.9,0
LRHC.US,D,20250718,000000,73.8,82.28,72.5,79.9,4869.3,0
LRHC.US,D,20250721,000000,79.9,86.288,79.9,81.1,10880.1,0
LRHC.US,D,20250722,000000,86.5,89,82,84,10263.900000000001,0
LRHC.US,D,20250723,000000,86.4,86.4,79.5,83,5748.6,0
LRHC.US,D,20250724,000000,80.1,84.388,78.3,79.4,10587.2,0
LRHC.US,D,20250725,000000,78.8,81,76.109,76.6,4322.8,0
LRHC.US,D,20250728,000000,76.7,78.6,74.1,75.2,181132.2,0
LRHC.US,D,20250729,000000,74.8,74.8,58.1,59,42089.8,0
LRHC.US,D,20250730,000000,58.6,58.9,46.6,47.4,18756.2,0
LRHC.US,D,20250731,000000,52,52.8,43.3,48.1,355631.30000000005,0
LRHC.US,D,20250801,000000,45.7,46.2,43.801,45.4,8938.300000000001,0
LRHC.US,D,20250804,000000,45.5,51.7,45.5,50,13499.5,0
LRHC.US,D,20250805,000000,50,54.9,48.1,51.5,11624.7,0
LRHC.US,D,20250806,000000,50.2,52.9,47.2,50,5933.400000000001,0
LRHC.US,D,20250807,000000,50,54,49,50.9,6415.3,0
LRHC.US,D,20250808,000000,48.901,52.087,48.901,50.6,2876.9,0
LRHC.US,D,20250811,000000,52.3,56,51.572,54.5,4900.8,0
LRHC.US,D,20250812,000000,52.2,55.8,52,55.5,2774.9,0
LRHC.US,D,20250813,000000,53.8,57.9,53.8,57.7,3665,0
LRHC.US,D,20250814,000000,57.8,57.899,56,57.2,1814.7,0
LRHC.US,D,20250815,000000,57,59.1,55.746,59.1,2363,0
LRHC.US,D,20250818,000000,57.3,58.101,53,53.4,2311.9,0
LRHC.US,D,20250819,000000,56.1,56.976,53,53.6,1845.7,0
LRHC.US,D,20250820,000000,52,53.9,48.901,51.9,3610.5,0
LRHC.US,D,20250821,000000,50,52.45,50,52,2186.9,0
LRHC.US,D,20250822,000000,52.54,55.625,51.1,55.4,3921.8,0
LRHC.US,D,20250825,000000,55.7,63.38,54.101,63.38,7850.400000000001,0
LRHC.US,D,20250826,000000,64,64.1,60,60.3,4961.200000000001,0
LRHC.US,D,20250827,000000,59.7,60.399,55.404,55.404,5541.1,0
LRHC.US,D,20250828,000000,59.4,61.047,56.2,58.317,4463.7,0
LRHC.US,D,20250829,000000,58.5,61.2,58.4,59.1,2416.7000000000003,0
LRHC.US,D,20250902,000000,55.2,60,54.9,59.1,1633,0
LRHC.US,D,20250903,000000,57.5,59.9,56,58.3,5360.6,0
LRHC.US,D,20250904,000000,55.7,59,55.7,59,4201.5,0
LRHC.US,D,20250905,000000,60.9,67.1,59.12,66.1,6274.200000000001,0
LRHC.US,D,20250908,000000,66.5,81.141,65.1,77.4,11829.1,0
LRHC.US,D,20250909,000000,70.5,77.324,70.5,75,2327.8,0
LRHC.US,D,20250910,000000,74.45,81.6,74.45,80,4235.2,0
LRHC.US,D,20250911,000000,75.5,91.5,75.5,87.75,9439.800000000001,0
LRHC.US,D,20250912,000000,97.2,97.2,87.1,89.2,8018.3,0
LRHC.US,D,20250915,000000,87.7,87.7,75.2,76.3,4040.7000000000003,0
LRHC.US,D,20250916,000000,76.2,79.295,68.577,78.5,3834.8,0
LRHC.US,D,20250917,000000,77.359,82.9,77.359,78.3,2186.9,0
LRHC.US,D,20250918,000000,80.327,82.15,75.516,76.8,2083.9,0
LRHC.US,D,20250919,000000,79.5,80.9,72.524,74.2,2888.4,0
LRHC.US,D,20250922,000000,72.9,74.7,72.9,74.2,1048.3,0
LRHC.US,D,20250923,000000,73.7,74.15,69.2,70.2,1599.8000000000002,0
LRHC.US,D,20250924,000000,70.5,70.94,67.1,69.2,1277.3000000000002,0
LRHC.US,D,20250925,000000,69.5,69.5,66.45,67.05,2531.6000000000004,0
LRHC.US,D,20250926,000000,66.5,68.7,65,68.7,643.6,0
LRHC.US,D,20250929,000000,69.85,70.9,68.95,70.9,559.8000000000001,0
LRHC.US,D,20250930,000000,71.1,72.96,70.2,71.8,1133.6000000000001,0
LRHC.US,D,20251001,000000,70,71.75,70,71.3,418.1,0
LRHC.US,D,20251002,000000,71.55,74.065,71.4,73.8,598.5,0
LRHC.US,D,20251003,000000,70.9,73.4,70.9,71.907,850.7,0
LRHC.US,D,20251006,000000,70.4,71.096,69.6,70.5,352.40000000000003,0
LRHC.US,D,20251007,000000,70.5,70.5,66.5,69.1,996.4000000000001,0
LRHC.US,D,20251008,000000,69.1,74,67.8,74,2285.5,0
LRHC.US,D,20251009,000000,74,75.9,71.3,73.2,1026.8,0
LRHC.US,D,20251010,000000,76.491,76.491,68.1,72,918.5,0
LRHC.US,D,20251013,000000,68.395,73.3,68.1,68.2,594.5,0
LRHC.US,D,20251014,000000,68.1,70.1,67.4,69.8,557.5,0
LRHC.US,D,20251015,000000,70.1,71,68.6,69.9,557.2,0
LRHC.US,D,20251016,000000,70.2,71.5,64.2,64.2,2871.4,0
LRHC.US,D,20251017,000000,64.2,64.2,60.833,61,927.9000000000001,0
LRHC.US,D,20251020,000000,59.5,60,53.501,56.8,1331.8000000000002,0
LRHC.US,D,20251021,000000,57,59.3,55.1,55.3,1526.9,0
LRHC.US,D,20251022,000000,56,56,50,53,2558.8,0
LRHC.US,D,20251023,000000,53.341,54.953,53.3,54.2,552,0
LRHC.US,D,20251024,000000,54.4,59.6,53.8,59.6,968.1,0
LRHC.US,D,20251027,000000,58.8,63.2,58.8,62.4,2712.1000000000004,0
LRHC.US,D,20251028,000000,64,64,55.6,56.5,1194,0
LRHC.US,D,20251029,000000,56.5,58.2,56.5,58.2,279.90000000000003,0
LRHC.US,D,20251030,000000,56.7,60.45,54.922,57.3,2139.5,0
LRHC.US,D,20251031,000000,57.3,57.3,56.2,56.6,764.2,0
LRHC.US,D,20251103,000000,51.4,55.7,50.1,55.7,1470,0
LRHC.US,D,20251104,000000,54.2,54.4,45.6,45.6,1700.3000000000002,0
LRHC.US,D,20251105,000000,45.5,48.3,45.5,46.3,202.20000000000002,0
LRHC.US,D,20251106,000000,46.6,47.2,38.201,38.3,2829.1000000000004,0
LRHC.US,D,20251107,000000,37.5,39.8,36.591,37,1993.2,0
LRHC.US,D,20251110,000000,38.7,44.1,37.9,40.6,6156.1,0
LRHC.US,D,20251111,000000,40.8,42.328,38.75,38.9,1708.5,0
LRHC.US,D,20251112,000000,40,42.6,39.3,42.6,2579.7000000000003,0
LRHC.US,D,20251113,000000,46.7,47,27,30.2,464981.60000000003,0
LRHC.US,D,20251114,000000,26.4,29.1,23.1,23.3,27697.4,0
LRHC.US,D,20251117,000000,22.9,31.9,22.5,28.65,37992.9,0
LRHC.US,D,20251118,000000,29.2,29.333,26,26,11347.300000000001,0
LRHC.US,D,20251119,000000,25.7,25.755,21.2,21.5,12843,0
LRHC.US,D,20251120,000000,21.5,24.2,20.7,20.8,8474.4,0
LRHC.US,D,20251121,000000,21.4,22.1,20.3,20.8,4989.8,0
LRHC.US,D,20251124,000000,21.4,21.4,18.2,19.4,7755.900000000001,0
LRHC.US,D,20251125,000000,19.15,19.392,18.593,18.8,2168,0
LRHC.US,D,20251126,000000,18.656,21.5,17.5,18.6,52076.100000000006,0
LRHC.US,D,20251128,000000,19.2,19.996,18.7,19.4,5093.3,0
LRHC.US,D,20251201,000000,20,20,18.316,18.7,5803.900000000001,0
LRHC.US,D,20251202,000000,18.8,18.8,14.6,16.7,24870.9,0
LRHC.US,D,20251203,000000,17.9,17.9,15.6,15.7,8669.4,0
LRHC.US,D,20251204,000000,16.5,17.8,14.6,17.1,32629.5,0
LRHC.US,D,20251205,000000,17.3,17.999,15.7,17.1,55230.100000000006,0
LRHC.US,D,20251208,000000,17.5,22.5,15.2,16.4,212402.7,0
LRHC.US,D,20251209,000000,16,16.7,14,14.7,27059.5,0
LRHC.US,D,20251210,000000,14,15.8,12.9,15,52850,0
LRHC.US,D,20251211,000000,14.7,15.4,14.2,14.5,20208.5,0
LRHC.US,D,20251212,000000,14.1,14.1,10.5,11.6,29162.7,0
LRHC.US,D,20251215,000000,11.2,11.698,8.171,8.721,23854,0
LRHC.US,D,20251216,000000,8.7,8.7,7.5,7.9307,14962.7,0
LRHC.US,D,20251217,000000,8.1,8.3,7.62,8.134,12623,0
LRHC.US,D,20251218,000000,8.18,8.5,7.78,7.931,9565.6,0
LRHC.US,D,20251219,000000,8.249,8.6,7.545,7.62,8593.4,0
LRHC.US,D,20251222,000000,8.15,8.19999,7.35,7.35,11179.1,0
LRHC.US,D,20251223,000000,7.5,7.625,6.902,7.11,13292.400000000001,0
LRHC.US,D,20251224,000000,7.089,7.48,6.39,6.603,11890,0
LRHC.US,D,20251226,000000,6.99,7.38,6.736,6.92,20654.7,0
LRHC.US,D,20251229,000000,6.712,7.15,6.7,7.08,5357.400000000001,0
LRHC.US,D,20251230,000000,6.8,6.999,6.4,6.701,10004.2,0
LRHC.US,D,20251231,000000,6.7,7.499,6.259,6.34,13803.1,0
LRHC.US,D,20260102,000000,6.345,6.88,6.345,6.737,6275.400000000001,0
LRHC.US,D,20260105,000000,6.801,7.719,6.502,7.288,15656.6,0
LRHC.US,D,20260106,000000,7.3,7.53,7.029,7.2,5727,0
LRHC.US,D,20260107,000000,7.275,7.4,7,7.215,7611.6,0
LRHC.US,D,20260108,000000,7.215,7.9,7.2,7.8,343168.2,0
LRHC.US,D,20260109,000000,11.7,12.5,9.359,9.36,8120801.5,0
LRHC.US,D,20260112,000000,8.067,8.2,7.05,7.532,360163.5,0
LRHC.US,D,20260113,000000,7,7,5.76001,6.251,184610.5,0
LRHC.US,D,20260114,000000,6.3,6.438,5.901,5.98,70069.3,0
LRHC.US,D,20260115,000000,5.8,6.232,5.55,5.8,57677.9,0
LRHC.US,D,20260116,000000,5.4,5.725,5.34,5.6,46311.5,0
LRHC.US,D,20260120,000000,5.3,5.69001,5.05,5.363,46237.600000000006,0
LRHC.US,D,20260121,000000,5.3,5.498,5.02,5.184,28118.2,0
LRHC.US,D,20260122,000000,4.86,4.9009,4,4.315,101479.20000000001,0
LRHC.US,D,20260123,000000,4.001,4.328,3.62,3.927,1717200.1,0
LRHC.US,D,20260126,000000,4.03,4.74,3.69,3.72,405684,0
