<TICKER>,<PER>,<DATE>,<TIME>,<OPEN>,<HIGH>,<LOW>,<CLOSE>,<VOL>,<OPENINT>
NIVF.US,D,20240405,000000,21300,21600,14550,15000,162.70813331706253,0
NIVF.US,D,20240408,000000,15750,15750,12595.7,13800,61.73359999382665,0
NIVF.US,D,20240409,000000,13500,15750,12315,14698.5,34.69939999653006,0
NIVF.US,D,20240410,000000,14700,16200,13518,15150,21.99053333113428,0
NIVF.US,D,20240411,000000,14695.5,14728.9,12900,13584,15.8389999984161,0
NIVF.US,D,20240412,000000,13500,13702.5,12483,12916.4,18.033866664863282,0
NIVF.US,D,20240415,000000,12750,13108.5,12015,12300,12.689799998731022,0
NIVF.US,D,20240416,000000,11850,11850,10195.5,10377,18.913466664775324,0
NIVF.US,D,20240417,000000,10365,11700,9525,11403,22.374133331095923,0
NIVF.US,D,20240418,000000,11550,12750,10350,11445,23.327999997667206,0
NIVF.US,D,20240419,000000,11287.5,11850,10800,11206.5,5.363733332796961,0
NIVF.US,D,20240422,000000,16800,28350,16350,19200,5366.509866130016,0
NIVF.US,D,20240423,000000,21750,44250,20850,33450,9138.566599086145,0
NIVF.US,D,20240424,000000,30600,31500,22950,23250,361.37306663052937,0
NIVF.US,D,20240425,000000,22800,28050,19500,19500,231.50986664351572,0
NIVF.US,D,20240426,000000,23400,35850,21750,26700,3852.1896662814484,0
NIVF.US,D,20240429,000000,30000,33450,27900,30600,606.4674666060199,0
NIVF.US,D,20240430,000000,28800,29250,22800,26250,128.64433332046892,0
NIVF.US,D,20240501,000000,25050,25050,22950,24000,48.82439999511757,0
NIVF.US,D,20240502,000000,23250,23550,16350,19050,67.86473332654687,0
NIVF.US,D,20240503,000000,18900,19950,16800,18150,46.88606666197808,0
NIVF.US,D,20240506,000000,16800,18600,16800,16950,25.35273333079806,0
NIVF.US,D,20240507,000000,16950,17550,16200,16275,22.795199997720488,0
NIVF.US,D,20240508,000000,18150,29250,17400,22650,1759.0919998240909,0
NIVF.US,D,20240509,000000,21750,25050,21000,21450,89.93113332434024,0
NIVF.US,D,20240510,000000,19800,20100,17700,19200,39.693666662697304,0
NIVF.US,D,20240513,000000,18150,21450,18150,19350,46.961133328637224,0
NIVF.US,D,20240514,000000,17850,19621.5,16500,18600,33.1816666633485,0
NIVF.US,D,20240515,000000,18600,19200,17401.5,19050,16.054933331727845,0
NIVF.US,D,20240516,000000,18300,19500,18300,18300,15.448733331788462,0
NIVF.US,D,20240517,000000,18450,18922.5,16800,16948.5,18.312399998168765,0
NIVF.US,D,20240520,000000,17100,20250,16800,19798.5,29.039333330429407,0
NIVF.US,D,20240521,000000,20400,21600,18087,18150,12.3179999987682,0
NIVF.US,D,20240522,000000,18153,19491,17203.5,17400,12.28006666543866,0
NIVF.US,D,20240523,000000,17550,18000,16275,17100,17.44546666492212,0
NIVF.US,D,20240524,000000,17100,17700,15600,15900,15.840866665082583,0
NIVF.US,D,20240528,000000,16200,18747,16200,17250,18.888733331444463,0
NIVF.US,D,20240529,000000,16650,18750,16350,17700,10.128799998987121,0
NIVF.US,D,20240530,000000,17850,18750,17253,18450,12.846999998715303,0
NIVF.US,D,20240531,000000,18000,20850,18000,20550,17.38893333159444,0
NIVF.US,D,20240603,000000,20550,23550,20400,20700,131.113333320222,0
NIVF.US,D,20240604,000000,19200,19350,16500,17100,37.678399996232166,0
NIVF.US,D,20240605,000000,16500,17100,16500,16800,14.017666665264901,0
NIVF.US,D,20240606,000000,16800,18750,16521,17850,16.024799998397523,0
NIVF.US,D,20240607,000000,16650,17250,16650,17250,7.640733332569261,0
NIVF.US,D,20240610,000000,17850,17998.5,16350,17550,8.3489999991651,0
NIVF.US,D,20240611,000000,17400,17473.5,16800,17175,4.623666666204301,0
NIVF.US,D,20240612,000000,16950,17550,16800,17025,2.1575333331175806,0
NIVF.US,D,20240613,000000,17250,17550,15000,15900,8.2983333325035,0
NIVF.US,D,20240614,000000,16350,16350,15450,15600,8.075399999192461,0
NIVF.US,D,20240617,000000,16350,16350,14250,14730,8.311066665835561,0
NIVF.US,D,20240618,000000,14550,14892,13573.5,13950,15.463599998453644,0
NIVF.US,D,20240620,000000,13650,14130,12528,12660,15.705466665096122,0
NIVF.US,D,20240621,000000,13953,18600,13545,15750,236.93699997630634,0
NIVF.US,D,20240624,000000,14700,16200,13500,15450,30.980866663568584,0
NIVF.US,D,20240625,000000,15300,16350,14853,16200,22.822133331051127,0
NIVF.US,D,20240626,000000,15450,16200,15150,15225,11.403533332192978,0
NIVF.US,D,20240627,000000,15150,15450,14550,15300,4.6591333328674205,0
NIVF.US,D,20240628,000000,15153,15300,14553,14701.5,2.6019333330731405,0
NIVF.US,D,20240701,000000,14700,15000,14250,14550,3.603799999639621,0
NIVF.US,D,20240702,000000,14287.5,14970,13500,13662,9.078666665758803,0
NIVF.US,D,20240703,000000,14250,14850,13966.5,14445,7.507666665915901,0
NIVF.US,D,20240705,000000,14400,14700,14400,14490,4.647399999535261,0
NIVF.US,D,20240708,000000,14850,15900,14550,15001.5,9.626133332370722,0
NIVF.US,D,20240709,000000,15150,18750,15000,16650,33.142866663352386,0
NIVF.US,D,20240710,000000,17250,17398.5,16050,16800,6.9703333326363,0
NIVF.US,D,20240711,000000,16350,16650,15150,15900,8.496266665817043,0
NIVF.US,D,20240712,000000,15900,16269,14700,15300,5.410799999458922,0
NIVF.US,D,20240715,000000,15180,15300,14400,14550,2.9204666663746197,0
NIVF.US,D,20240716,000000,14919.8,14919.8,14251.5,14481,3.5825333329750797,0
NIVF.US,D,20240717,000000,14250,14700,13950,14124,6.14159999938584,0
NIVF.US,D,20240718,000000,14250,14610,13800,14101.5,4.529399999547061,0
NIVF.US,D,20240719,000000,14162.1,14400,13800,13801.5,1.48573333318476,0
NIVF.US,D,20240722,000000,13800,14100,13350,13563,2.0707333331262605,0
NIVF.US,D,20240723,000000,13350,13950,12754.5,13063.5,336.7369999663263,0
NIVF.US,D,20240724,000000,14400,19050,12450,15000,689.9310665976736,0
NIVF.US,D,20240725,000000,13200,14989.5,13125,14668.8,39.45026666272165,0
NIVF.US,D,20240726,000000,13986,15900,13980,15450,23.805266664286144,0
NIVF.US,D,20240729,000000,14970,15450,14400,14850,9.977666665668902,0
NIVF.US,D,20240730,000000,14251.5,14964,13350,13656,8.062866665860382,0
NIVF.US,D,20240731,000000,13246.5,14250,13200,13920,4.28639999957136,0
NIVF.US,D,20240801,000000,13500,14083.5,13230,13710,2.6959333330637403,0
NIVF.US,D,20240802,000000,12750,13500,12750,13078.5,2.6673999997332607,0
NIVF.US,D,20240805,000000,12075,13125,12075,12600,6.507533332682581,0
NIVF.US,D,20240806,000000,12600,13629,12022.5,12780,1.8049999998195,0
NIVF.US,D,20240807,000000,12780,13419,12136.5,12450,1.3654666665301205,0
NIVF.US,D,20240808,000000,12735,12735,12007.5,12450,2.2307333331102606,0
NIVF.US,D,20240809,000000,12282,12750,12150,12600,1.74606666649206,0
NIVF.US,D,20240812,000000,12780,12780,12226.5,12600,2.1259999997874,0
NIVF.US,D,20240813,000000,12900,13650,12450,13241.3,1.1226666665544,0
NIVF.US,D,20240814,000000,12480,13020,12480,12567.1,0.8813999999118601,0
NIVF.US,D,20240815,000000,13830,13830,12628.5,12781.5,3.131933333020141,0
NIVF.US,D,20240816,000000,12750,13198.5,12450,12786,2.71506666639516,0
NIVF.US,D,20240819,000000,13500,13500,12630,13020,4.01393333293194,0
NIVF.US,D,20240820,000000,12985.5,12985.5,12318,12465,8.214266665845242,0
NIVF.US,D,20240821,000000,12480,13008,12480,12820.2,1.84493333314884,0
NIVF.US,D,20240822,000000,12750,13950,12621,13950,5.109933332822341,0
NIVF.US,D,20240823,000000,14250,18450,13500,17010,35.83026666308365,0
NIVF.US,D,20240826,000000,17400,17700,14251.5,14505,11.871733332146162,0
NIVF.US,D,20240827,000000,14341.5,14850,12900,14247,7.354533332597881,0
NIVF.US,D,20240828,000000,13950,14250,12450,13552.5,9.185999999081401,0
NIVF.US,D,20240829,000000,13686,13800,12925.5,13197,3.626466666304021,0
NIVF.US,D,20240830,000000,14085,14100,12901.5,12903,3.2112666663455407,0
NIVF.US,D,20240903,000000,13050,13200,12535.5,12540,1.6598666665006803,0
NIVF.US,D,20240904,000000,12450,12750,10125,11100,17.392933331594044,0
NIVF.US,D,20240905,000000,10780.5,11847,10374,10578,4.014933332931841,0
NIVF.US,D,20240906,000000,10500,11040,9840,10215,2.4976666664169,0
NIVF.US,D,20240909,000000,11100,11100,9750,10500.8,4.501999999549801,0
NIVF.US,D,20240910,000000,10530,10695,10050,10125,2.30153333310318,0
NIVF.US,D,20240911,000000,9975,10501.5,9900,10500,2.9399333330393405,0
NIVF.US,D,20240912,000000,10867.5,10950,10239,10504.5,1.1270666665539602,0
NIVF.US,D,20240913,000000,10500,10650,10147.5,10479,1.5458666665120802,0
NIVF.US,D,20240916,000000,10204.5,10755,9900,10461,1.4002666665266403,0
NIVF.US,D,20240917,000000,10200,10710,10050,10050,0.8149999999185,0
NIVF.US,D,20240918,000000,10050,10635,9904.5,10245,1.53593333317974,0
NIVF.US,D,20240919,000000,9765,10200,9166.5,9469.5,1.7231999998276801,0
NIVF.US,D,20240920,000000,9474,10051.5,9054,9705,1.9955999998004403,0
NIVF.US,D,20240923,000000,9690,9690,8625,9039,2.6800666663986608,0
NIVF.US,D,20240924,000000,8625,8850,8625,8733,1.9557999998044204,0
NIVF.US,D,20240925,000000,8700,10500,8250,9990,56.68453332766488,0
NIVF.US,D,20240926,000000,9450,10084.5,9165,9561,6.806266665986041,0
NIVF.US,D,20240927,000000,9561,10044.6,9360,9360,1.03493333322984,0
NIVF.US,D,20240930,000000,9300,10594.5,9015,10185,4.376333332895701,0
NIVF.US,D,20241001,000000,10500,10650,10162.5,10437,2.67179999973282,0
NIVF.US,D,20241002,000000,10248,10277.3,9615,9750,1.5253333331808,0
NIVF.US,D,20241003,000000,9750,10227,9442.5,9630,1.7282666664938402,0
NIVF.US,D,20241004,000000,9855.75,10170,9705,10170,0.6497333332683601,0
NIVF.US,D,20241007,000000,9754.5,9754.5,9180,9403.5,1.7496666664917,0
NIVF.US,D,20241008,000000,9225,9720,8700,9528,1.16606666655006,0
NIVF.US,D,20241009,000000,9735,9735,8761.5,8761.5,0.8279333332505401,0
NIVF.US,D,20241010,000000,8766,9403.8,8400,8995.5,655.2440666011423,0
NIVF.US,D,20241011,000000,13050,16200,10801.5,14700,3900.60879960994,0
NIVF.US,D,20241014,000000,12255,14850,10500,11317.5,154.88466665117818,0
NIVF.US,D,20241015,000000,11905.5,49200,11700,29400,9464.459665720222,0
NIVF.US,D,20241016,000000,27000,34051.5,18000,18300,777.8451999222157,0
NIVF.US,D,20241017,000000,18600,24900,16800,17700,297.1043333036229,0
NIVF.US,D,20241018,000000,18300,23700,16500,18000,468.9975332864336,0
NIVF.US,D,20241021,000000,17250,19200,16050,17100,78.4888666588178,0
NIVF.US,D,20241022,000000,17100,18450,15750,17850,43.35219999566479,0
NIVF.US,D,20241023,000000,17250,18000,14850,15450,42.5039999957496,0
NIVF.US,D,20241024,000000,15450,15900,14850,15900,16.967199998303283,0
NIVF.US,D,20241025,000000,15300,15900,12748.5,13501.5,24.35686666423098,0
NIVF.US,D,20241028,000000,14098.5,14098.5,12000,12600,15.054199998494585,0
NIVF.US,D,20241029,000000,12450,12450,11401.5,12064.5,11.556599998844343,0
NIVF.US,D,20241030,000000,11610,12750,11265,12555,14.443133331889024,0
NIVF.US,D,20241031,000000,11760,12607.5,11760,12178.5,6.1001333327233205,0
NIVF.US,D,20241101,000000,11760,11760,10950,11115,8.188733332514461,0
NIVF.US,D,20241104,000000,10800,11100,9894,10164,8.85419999911458,0
NIVF.US,D,20241105,000000,10485,10800,9914.55,10800,4.827399999517261,0
NIVF.US,D,20241106,000000,10950,11604,10051.5,10965,12.296266665437043,0
NIVF.US,D,20241107,000000,11625,11625,10951.5,11025,3.1675999996832407,0
NIVF.US,D,20241108,000000,11670,11670,10836,11101.5,4.367533332896581,0
NIVF.US,D,20241111,000000,11685,11685,10500,10500,4.581466666208522,0
NIVF.US,D,20241112,000000,9904.5,11670,9904.5,10149,7.9472666658719415,0
NIVF.US,D,20241113,000000,9999,10590,9303,9615,8.316133332501721,0
NIVF.US,D,20241114,000000,10245,10245,9000,9322.5,9.136399999086361,0
NIVF.US,D,20241115,000000,9390,10350,9030,9765,13.066266665360041,0
NIVF.US,D,20241118,000000,13486.5,14205,8295,8700,2867.9992663798675,0
NIVF.US,D,20241119,000000,8136,8850,6985.5,8533.5,149.80399998501963,0
NIVF.US,D,20241120,000000,8608.5,9987,8128.5,8925,112.49846665541682,0
NIVF.US,D,20241121,000000,8640,9075,7500,8148,64.50006666021667,0
NIVF.US,D,20241122,000000,8010,8332.5,7500,7635,72.75786665939088,0
NIVF.US,D,20241125,000000,7350,7350,6180,6240,52.84079999471594,0
NIVF.US,D,20241126,000000,6240,6450,4966.5,5550,44.51719999554829,0
NIVF.US,D,20241127,000000,5565,5625,5100,5160,26.151266664051544,0
NIVF.US,D,20241129,000000,5250,6000,4644,4950,42.28959999577104,0
NIVF.US,D,20241202,000000,4950,6000,4950,5235,45.22806666214387,0
NIVF.US,D,20241203,000000,5250,5520,5100,5356.5,26.839333330649403,0
NIVF.US,D,20241204,000000,5625,6441,5353.5,5925,70.04379999299563,0
NIVF.US,D,20241205,000000,6000,6512.91,5925,6512.91,33.97346666326933,0
NIVF.US,D,20241206,000000,6720,7500,6123,6720,29.106599997089347,0
NIVF.US,D,20241209,000000,6900,7071,6139.5,6154.5,22.057533331127583,0
NIVF.US,D,20241210,000000,6000,6300,5715,5865,9.62273333237106,0
NIVF.US,D,20241211,000000,7656,8205,4821,5415,5188.768332814457,0
NIVF.US,D,20241212,000000,5248.5,5917.5,4500,5695.5,681.759599931824,0
NIVF.US,D,20241213,000000,5250,5355,4665,4759.5,219.2792666447388,0
NIVF.US,D,20241216,000000,4545,4650,3795,4072.5,281.14186663855253,0
NIVF.US,D,20241217,000000,3954,6423,3597,6355.5,574.194333275914,0
NIVF.US,D,20241218,000000,4657.5,6300,4575,4927.5,599.0941999400906,0
NIVF.US,D,20241219,000000,5197.5,5850,4665,5122.5,303.02446663636425,0
NIVF.US,D,20241220,000000,4815,5289,4500,4996.5,183.65626664830106,0
NIVF.US,D,20241223,000000,5625,5985,4950,5250,303.0092666363658,0
NIVF.US,D,20241224,000000,5370,5385,4950,5098.5,113.93706665527299,0
NIVF.US,D,20241226,000000,5386.5,5953.35,5130,5776.5,226.89086664397763,0
NIVF.US,D,20241227,000000,5850,6499.5,5437.5,6420,327.91673330054175,0
NIVF.US,D,20241230,000000,6750,6750,5100,6225,295.80926663708584,0
NIVF.US,D,20241231,000000,6600,6600,5550,6075,220.19666664464702,0
NIVF.US,D,20250102,000000,6150,7350,6018,6255,312.32826663543386,0
NIVF.US,D,20250103,000000,6300,6525,5625,5935.5,158.5398666508127,0
NIVF.US,D,20250106,000000,6000,6225,5551.5,5985,185.23259998147677,0
NIVF.US,D,20250107,000000,5700,5863.5,5275.5,5535,135.4563999864544,0
NIVF.US,D,20250108,000000,5475,5520,4725,5475.9,126.509999987349,0
NIVF.US,D,20250110,000000,5550,5700,5100,5550,124.65739998753426,0
NIVF.US,D,20250113,000000,5175,5212.5,4233,4725,1280.8164665385852,0
NIVF.US,D,20250114,000000,4800,5040,4501.5,4950,144.65673331886765,0
NIVF.US,D,20250115,000000,4402.5,5722.5,4387.5,5340,225.68839997743117,0
NIVF.US,D,20250116,000000,5101.5,5385,4650,4725,123.58086665430858,0
NIVF.US,D,20250117,000000,4725,5287.5,4725,5235,129.3775333203956,0
NIVF.US,D,20250121,000000,4665,4875,4066.5,4272,2311.50759976885,0
NIVF.US,D,20250122,000000,4200,4215,3862.5,4066.5,217.4373999782563,0
NIVF.US,D,20250123,000000,3795,4194,3751.5,4065,100.61086665660562,0
NIVF.US,D,20250124,000000,3720,4236,3720,3973.5,81.59166665850749,0
NIVF.US,D,20250127,000000,3855,4056,3826.5,4044,59.413266660725355,0
NIVF.US,D,20250128,000000,3840,4267.5,3751.5,4183.5,62.88619999371139,0
NIVF.US,D,20250129,000000,3919.5,4125,3868.5,4040.82,52.718333328061505,0
NIVF.US,D,20250130,000000,3996,4047,3675,3885,77.29339999227068,0
NIVF.US,D,20250131,000000,2607,2608.5,2100,2235,994.1545332339182,0
NIVF.US,D,20250203,000000,2098.5,2325,1671,2017.5,440.17826662264895,0
NIVF.US,D,20250204,000000,1845,2018.69,1809,1897.5,208.54546664581218,0
NIVF.US,D,20250205,000000,1896,2040,1687.5,1833,143.7788666522888,0
NIVF.US,D,20250206,000000,1878,2788.5,1815,2326.5,2983.5369330349795,0
NIVF.US,D,20250207,000000,2674.5,2700,1627.5,2010,6722.213399327781,0
NIVF.US,D,20250210,000000,1771.5,2130,1669.5,1800,3986.119332934722,0
NIVF.US,D,20250211,000000,1612.5,1792.5,1395,1515,1737.9133331595422,0
NIVF.US,D,20250212,000000,1402.5,2017.5,1402.5,1597.5,2702.085333063125,0
NIVF.US,D,20250213,000000,1575,1709.03,1387.5,1462.5,1000.0359998999963,0
NIVF.US,D,20250214,000000,1500,1582.5,1402.5,1462.5,985.5239999014476,0
NIVF.US,D,20250218,000000,1590,1860,1560,1642.5,4061.913332927142,0
NIVF.US,D,20250219,000000,2002.5,2164.88,1650,1702.5,16088.578665057812,0
NIVF.US,D,20250220,000000,1950,2092.43,1612.5,1755,26040.298664062637,0
NIVF.US,D,20250221,000000,1575,1657.05,1462.5,1582.5,1975.7439998024258,0
NIVF.US,D,20250224,000000,1650,1996.5,1612.5,1935,2657.714666400895,0
NIVF.US,D,20250225,000000,1792.5,1890,1612.5,1785,1019.7559998980244,0
NIVF.US,D,20250226,000000,1815,1815,1687.5,1755,544.3519999455649,0
NIVF.US,D,20250227,000000,1755,1980.08,1740.15,1807.5,1566.8226665099846,0
NIVF.US,D,20250228,000000,1515,1650,1455,1545,1517.1186665149548,0
NIVF.US,D,20250303,000000,1590,1605,1063.8,1215,1845.3826664821286,0
NIVF.US,D,20250304,000000,967.5,1101.6,870,937.5,1415.9999998583999,0
NIVF.US,D,20250305,000000,900,1425,900,1327.5,3377.1733329956164,0
NIVF.US,D,20250306,000000,1327.5,1327.5,985.5,1117.5,878.8199999121181,0
NIVF.US,D,20250307,000000,1027.5,1200,862.5,930,2002.210666466446,0
NIVF.US,D,20250310,000000,851.25,937.5,810,900,772.086666589458,0
NIVF.US,D,20250311,000000,862.5,900,705,780,457.373333287596,0
NIVF.US,D,20250312,000000,772.5,892.5,772.5,855,227.91866664387484,0
NIVF.US,D,20250313,000000,900,900,772.5,795,289.2359999710764,0
NIVF.US,D,20250314,000000,780,817.575,757.5,802.5,349.073333298426,0
NIVF.US,D,20250317,000000,780,922.5,772.5,795,174.57733331587562,0
NIVF.US,D,20250318,000000,832.5,832.5,742.35,753.75,376.9559999623044,0
NIVF.US,D,20250319,000000,750,783.9,712.5,736.35,217.0439999782956,0
NIVF.US,D,20250320,000000,738.75,749.925,675,689.625,284.2079999715793,0
NIVF.US,D,20250321,000000,720,743.25,686.256,735,305.40133330279326,0
NIVF.US,D,20250324,000000,772.5,817.5,727.5,810,267.66933330656644,0
NIVF.US,D,20250325,000000,825,825,765,772.5,138.2279999861772,0
NIVF.US,D,20250326,000000,749.325,778.2,680.4,698.325,215.72266664509442,0
NIVF.US,D,20250327,000000,681,735,642.75,712.575,196.4479999803552,0
NIVF.US,D,20250328,000000,735,735,658.2,705,156.03599998439643,0
NIVF.US,D,20250331,000000,527.025,527.025,391.5,480,1477.7559998522247,0
NIVF.US,D,20250401,000000,465,574.65,427.875,453.75,758.3933332574941,0
NIVF.US,D,20250402,000000,440.1,453.75,418.5,441.75,166.63599998333643,0
NIVF.US,D,20250403,000000,742.5,1110,420.375,420.75,149788.88931835446,0
NIVF.US,D,20250404,000000,404.25,404.25,311.325,340.125,3742.3053329591035,0
NIVF.US,D,20250407,000000,302.925,374.925,300.825,338.55,1172.430666549424,0
NIVF.US,D,20250408,000000,327.675,337.5,262.5,307.5,1551.4946665115172,0
NIVF.US,D,20250409,000000,288,330.3,225.825,300.75,898.365333243497,0
NIVF.US,D,20250410,000000,314.7,333,289.125,333,396.906666626976,0
NIVF.US,D,20250411,000000,313.05,323.325,296.475,301.5,224.23733331090958,0
NIVF.US,D,20250414,000000,309.525,309.525,289.125,307.425,153.439999984656,0
NIVF.US,D,20250415,000000,307.425,312,287.25,301.2,220.5906666446076,0
NIVF.US,D,20250416,000000,277.5,292.05,251.25,264.375,719.8679999280134,0
NIVF.US,D,20250417,000000,262.5,277.875,195.825,212.55,1627.8279998372172,0
NIVF.US,D,20250421,000000,206.175,217.5,199.575,213.588,511.95866661547086,0
NIVF.US,D,20250422,000000,212.925,255.45,208.35,232.875,704.1146665962553,0
NIVF.US,D,20250423,000000,236.328,283.35,235.836,269.85,483.52666661831404,0
NIVF.US,D,20250424,000000,262.5,276.375,255,269.55,424.2039999575797,0
NIVF.US,D,20250425,000000,279.525,279.975,258.825,262.575,464.7186666201948,0
NIVF.US,D,20250428,000000,255.75,259.275,218.925,232.2,513.3773332819957,0
NIVF.US,D,20250429,000000,231.9,234,223.125,234,225.6653333107668,0
NIVF.US,D,20250430,000000,236.25,245.325,213.75,215.775,423.3213332910012,0
NIVF.US,D,20250501,000000,238.125,261.75,195.375,206.25,3545.9759996454027,0
NIVF.US,D,20250502,000000,206.625,360,193.65,225.75,22011.074664465563,0
NIVF.US,D,20250505,000000,266.25,321.75,245.25,265.5,13635.45333196979,0
NIVF.US,D,20250506,000000,261.75,372,243.758,282.75,29636.50666370302,0
NIVF.US,D,20250507,000000,264.75,276,211.5,226.5,3601.9999996397996,0
NIVF.US,D,20250508,000000,214.5,262.5,214.5,236.145,2940.426666372624,0
NIVF.US,D,20250509,000000,228.42,282.75,210,253.5,17359.853331597347,0
NIVF.US,D,20250512,000000,245.25,261,228.75,239.25,17938.639998206138,0
NIVF.US,D,20250513,000000,237,257.25,230.25,250.5,16287.466665037919,0
NIVF.US,D,20250514,000000,236.25,237.6,217.5,230.25,1813.6799998186323,0
NIVF.US,D,20250515,000000,220.5,232.5,210,223.5,2142.039999785796,0
NIVF.US,D,20250516,000000,216,229.5,213.75,221.25,2080.3199997919683,0
NIVF.US,D,20250519,000000,221.25,261,221.25,242.25,6999.546665966713,0
NIVF.US,D,20250520,000000,233.415,243.75,215.625,217.5,3110.9733330222366,0
NIVF.US,D,20250521,000000,217.5,218.25,192,197.25,1950.0399998049961,0
NIVF.US,D,20250522,000000,195.75,202.5,192,198,863.5333332469801,0
NIVF.US,D,20250523,000000,195.75,211.163,195,198,1153.1866665513478,0
NIVF.US,D,20250527,000000,197.25,209.993,193.5,198,25049.11999749509,0
NIVF.US,D,20250528,000000,184.5,184.5,159.75,168,4221.426666244524,0
NIVF.US,D,20250529,000000,161.25,175.5,157.65,164.25,1762.79999982372,0
NIVF.US,D,20250530,000000,167.25,167.25,135.75,151.5,1749.0399998250962,0
NIVF.US,D,20250602,000000,172.5,329.25,126,129,653599.4932679734,0
NIVF.US,D,20250603,000000,394.5,459.75,227.25,277.5,1248382.4665418284,0
NIVF.US,D,20250604,000000,216,266.895,212.258,228.75,35628.39999643716,0
NIVF.US,D,20250605,000000,218.25,222,169.425,172.5,14449.639998555036,0
NIVF.US,D,20250606,000000,179.25,179.25,157.5,165,7362.013332597133,0
NIVF.US,D,20250609,000000,162.75,166.125,141.75,143.25,10411.173332292217,0
NIVF.US,D,20250610,000000,153,154.493,142.5,145.5,8358.9999991641,0
NIVF.US,D,20250611,000000,144,154.493,138.75,148.5,8776.786665788988,0
NIVF.US,D,20250612,000000,147.75,149.25,129.75,134.25,209085.58664575813,0
NIVF.US,D,20250613,000000,124.5,127.5,118.5,127.5,10254.519998974549,0
NIVF.US,D,20250616,000000,120,123,102.75,103.5,14891.679998510834,0
NIVF.US,D,20250617,000000,104.25,105,93,93.75,6582.319999341768,0
NIVF.US,D,20250618,000000,87.75,96.75,87.75,93,6863.46666598032,0
NIVF.US,D,20250620,000000,93.75,93.75,87,90,4628.973332870436,0
NIVF.US,D,20250623,000000,88.5,88.5,79.5,81.75,4277.706666238897,0
NIVF.US,D,20250624,000000,81,84.75,79.5,81,3508.9333329824403,0
NIVF.US,D,20250625,000000,80.25,81,75,78,28419.679997158033,0
NIVF.US,D,20250626,000000,87,87.75,76.5,84.75,146118.1199853882,0
NIVF.US,D,20250627,000000,80.25,83.985,75.75,77.25,15254.373331807896,0
NIVF.US,D,20250630,000000,75.75,92.25,75.75,78,29504.546663716214,0
NIVF.US,D,20250701,000000,89.25,93,63.75,74.25,440921.6532892412,0
NIVF.US,D,20250702,000000,75,79.5,72,74.25,24222.25333091111,0
NIVF.US,D,20250703,000000,72,73.7925,67.725,69.4125,9956.546665671012,0
NIVF.US,D,20250707,000000,69,70.5,63.75,65.1,15090.759998490925,0
NIVF.US,D,20250708,000000,61.5,61.5,46.725,49.5075,27552.079997244793,0
NIVF.US,D,20250709,000000,47.625,48.6,45.675,45.9675,10283.799998971619,0
NIVF.US,D,20250710,000000,47.01,47.9775,45.375,46.95,6874.626665979205,0
NIVF.US,D,20250711,000000,47.7225,48.87,45.9075,47.04,6761.2266659905445,0
NIVF.US,D,20250714,000000,48.6,52.05,46.65,47.5575,18049.21333152841,0
NIVF.US,D,20250715,000000,47.625,48,43.53,44.085,8143.9199991856085,0
NIVF.US,D,20250716,000000,43.9875,44.3175,41.67,42.255,9016.039999098397,0
NIVF.US,D,20250717,000000,43.0875,45.75,42.375,45.6,10160.159998983983,0
NIVF.US,D,20250718,000000,44.235,45.6,41.055,42.6,13164.986665350169,0
NIVF.US,D,20250721,000000,43.5,45.075,39,40.425,19896.053331343726,0
NIVF.US,D,20250722,000000,39.8175,42.15,39.75,41.5575,2999.519999700048,0
NIVF.US,D,20250723,000000,42.75,43.1925,40.725,41.46,8497.573332483576,0
NIVF.US,D,20250724,000000,40.7625,42.8658,40.5,41.1,3872.1066662794565,0
NIVF.US,D,20250725,000000,37.5,39.3,37.5,39,8471.06666581956,0
NIVF.US,D,20250728,000000,41.25,41.25,38.3061,39.0075,2884.5199997115483,0
NIVF.US,D,20250729,000000,45.255,47.3775,31.7625,34.5,355210.479964479,0
NIVF.US,D,20250730,000000,31.68,33.165,30,31.575,19003.079998099693,0
NIVF.US,D,20250731,000000,30.225,34.125,30.225,32.625,8545.93333247874,0
NIVF.US,D,20250801,000000,29.25,31.5,26.25,30.015,14358.31999856417,0
NIVF.US,D,20250804,000000,31.8,38.25,31.2,35.4,73586.86665930798,0
NIVF.US,D,20250805,000000,34.2,36.312,30.75,33.6,45054.13332882791,0
NIVF.US,D,20250806,000000,32.25,32.25,27.45,28.65,15484.59999845154,0
NIVF.US,D,20250807,000000,28.5,29.55,26.85,27.75,5962.86666607038,0
NIVF.US,D,20250808,000000,27.453,28.2,25.5,28.05,7164.39999928356,0
NIVF.US,D,20250811,000000,26.7,28.2,26.55,27.9,4553.53333287798,0
NIVF.US,D,20250812,000000,26.85,30.9,26.25,29.4,54551.133327878226,0
NIVF.US,D,20250813,000000,29.1,29.7,26.85,28.5,16362.533331697081,0
NIVF.US,D,20250814,000000,28.35,29.1,27.9,28.8,3128.86666635378,0
NIVF.US,D,20250815,000000,28.35,28.5,27.516,28.5,2148.39999978516,0
NIVF.US,D,20250818,000000,28.65,28.95,27.7515,28.65,3650.8666663015797,0
NIVF.US,D,20250819,000000,28.05,28.8555,27.15,27.45,5003.73333283296,0
NIVF.US,D,20250820,000000,27.3,27.45,25.8,26.25,3447.19999965528,0
NIVF.US,D,20250821,000000,26.13,26.13,24.3,25.05,4588.866666207779,0
NIVF.US,D,20250822,000000,25.05,26.25,25.05,26.25,2510.13333308232,0
NIVF.US,D,20250825,000000,27,27.18,26.25,27,2607.2666664059398,0
NIVF.US,D,20250826,000000,26.4,29.25,25.95,27.15,3950.9999996048996,0
NIVF.US,D,20250827,000000,26.55,28.95,26.55,28.05,4858.86666618078,0
NIVF.US,D,20250828,000000,27.8535,28.8,27.0015,28.2,1511.3999998488598,0
NIVF.US,D,20250829,000000,28.05,28.8,26.85,28.2,4345.79999956542,0
NIVF.US,D,20250902,000000,28.2,29.85,27.9,29.85,6752.13333265812,0
NIVF.US,D,20250903,000000,28.2,29.55,27.6,27.75,4594.1999995405795,0
NIVF.US,D,20250904,000000,26.7,27.642,25.8,26.55,2315.86666643508,0
NIVF.US,D,20250905,000000,26.703,27.6,26.55,27.45,963.6666665703,0
NIVF.US,D,20250908,000000,27,27.7485,26.55,27.375,2858.1999997141797,0
NIVF.US,D,20250909,000000,27.45,29.85,27.42,29.4,7062.59999929374,0
NIVF.US,D,20250910,000000,29.55,31.35,28.8,30,10164.13333231692,0
NIVF.US,D,20250911,000000,29.55,31.8,29.4015,31.191,8367.06666582996,0
NIVF.US,D,20250912,000000,30.6,31.05,29.4,29.55,1702.86666649638,0
NIVF.US,D,20250915,000000,29.7,30.15,28.8,30.0999,3971.26666626954,0
NIVF.US,D,20250916,000000,30,30.75,29.55,30.6,4518.93333288144,0
NIVF.US,D,20250917,000000,31.2,39,28.8,30.9,59331.86666073348,0
NIVF.US,D,20250918,000000,29.7,30,27,28.05,14904.59999850954,0
NIVF.US,D,20250919,000000,28.35,28.5,27.3015,28.2,4527.13333288062,0
NIVF.US,D,20250922,000000,28.65,31.5,27.9045,29.7,6233.79999937662,0
NIVF.US,D,20250923,000000,30,30.6,29.007,29.7,3280.3333330052997,0
NIVF.US,D,20250924,000000,29.25,29.595,28.65,29.25,1398.3999998601598,0
NIVF.US,D,20250925,000000,29.25,29.25,27.45,29.1,3244.5333330088797,0
NIVF.US,D,20250926,000000,28.2,28.2,27,27.6,1522.9999998476999,0
NIVF.US,D,20250929,000000,27,27.3,26.4,27.15,2899.5999997100403,0
NIVF.US,D,20250930,000000,27.45,27.6,26.475,26.85,2378.9999997621,0
NIVF.US,D,20251001,000000,26.85,29.1525,26.4,28.125,3468.7999996531203,0
NIVF.US,D,20251002,000000,27.9,29.031,27.7515,28.8,2996.06666636706,0
NIVF.US,D,20251003,000000,29.85,29.85,27.6,27.6,3559.06666631076,0
NIVF.US,D,20251006,000000,27.9,28.7985,24.75,26.25,85231.39999147686,0
NIVF.US,D,20251007,000000,26.55,27.75,25.95,26.85,5886.3333327447,0
NIVF.US,D,20251008,000000,27.15,29.4,26.5515,28.5,12649.93333206834,0
NIVF.US,D,20251009,000000,28.05,29.1,26.7,28.65,125432.73332079005,0
NIVF.US,D,20251010,000000,30.15,30.15,26.55,27.15,23616.133330971723,0
NIVF.US,D,20251013,000000,27,28.2,25.95,27.15,6530.39999934696,0
NIVF.US,D,20251014,000000,26.4,27.6,25.95,27.3,4489.26666621774,0
NIVF.US,D,20251015,000000,27,27.6,26.25,27.15,3350.26666633164,0
NIVF.US,D,20251016,000000,27.15,42.75,24,30.375,726810.6665939855,0
NIVF.US,D,20251017,000000,23.25,23.25,18.15,18.45,109627.19998903728,0
NIVF.US,D,20251020,000000,18.6,19.95,18,19.2,36691.53332966418,0
NIVF.US,D,20251021,000000,19.5,19.5,17.85,18.15,23380.26666432864,0
NIVF.US,D,20251022,000000,18.3,19.4805,16.65,17.925,34507.3333298826,0
NIVF.US,D,20251023,000000,17.55,19.65,17.4,19.62,16874.6666649792,0
NIVF.US,D,20251024,000000,19.65,19.65,18.15,18.3,9760.53333235728,0
NIVF.US,D,20251027,000000,18.45,18.5985,17.85,17.88,6203.1333327130205,0
NIVF.US,D,20251028,000000,18,18.195,17.25,17.7,5845.933332748739,0
NIVF.US,D,20251029,000000,17.55,17.577,17.1,17.28,3873.73333294596,0
NIVF.US,D,20251030,000000,17.1,17.1,16.2,16.2,5662.46666610042,0
NIVF.US,D,20251031,000000,13.725,13.725,10.5405,11.4,1699024.9998300974,0
NIVF.US,D,20251103,000000,18,18.15,9.0015,9.135,282613.4666384053,0
NIVF.US,D,20251104,000000,8.9595,10.257,8.55,9.51,70770.13332625633,0
NIVF.US,D,20251105,000000,8.994,9.1215,7.74,8.25,148383.26665182834,0
NIVF.US,D,20251106,000000,7.98,8.64675,7.83,8.385,29724.73333036086,0
NIVF.US,D,20251107,000000,8.505,8.505,6.9015,7.1775,50436.93332828964,0
NIVF.US,D,20251110,000000,7.8675,7.8675,6.462,6.585,673347.5999326652,0
NIVF.US,D,20251111,000000,5.6625,6.6,5.6085,6.33,64224.53332691088,0
NIVF.US,D,20251112,000000,6.1395,7.176,5.6295,6.4275,84295.06665823716,0
NIVF.US,D,20251113,000000,6.4275,6.4275,5.5665,5.574,50299.59999497004,0
NIVF.US,D,20251114,000000,5.637,5.967,5.55,5.676,26406.79999735932,0
NIVF.US,D,20251117,000000,5.7,5.79,5.21925,5.2725,26579.799997342023,0
NIVF.US,D,20251118,000000,5.376,5.376,4.95,5.004,21578.13333117552,0
NIVF.US,D,20251119,000000,5.19,5.2995,4.614,4.932,46440.999995355894,0
NIVF.US,D,20251120,000000,4.902,5.163,4.68,4.68,21850.266664481638,0
NIVF.US,D,20251121,000000,4.65,4.65,4.35,4.527,21877.333331145597,0
NIVF.US,D,20251124,000000,4.695,5.025,4.305,4.917,24650.26666420164,0
NIVF.US,D,20251125,000000,4.9485,5.1375,4.8,4.9665,21355.86666453108,0
NIVF.US,D,20251126,000000,4.9485,4.9485,4.5945,4.911,31086.19999689138,0
NIVF.US,D,20251128,000000,4.947,5.9835,4.911,5.325,161430.1333171903,0
NIVF.US,D,20251201,000000,5.37,6.3,5.0145,6.18,111260.6666555406,0
NIVF.US,D,20251202,000000,4.77,4.8,3.9,4.5,3005152.666366151,0
NIVF.US,D,20251203,000000,3.93,4.1997,3.63,3.96,136832.3333196501,0
NIVF.US,D,20251204,000000,3.84,4.47,3.78,4.47,103676.666656299,0
NIVF.US,D,20251205,000000,4.53,4.6821,4.1703,4.35,79776.66665868899,0
NIVF.US,D,20251208,000000,4.41,4.47,3.9702,4.38,71716.99999282829,0
NIVF.US,D,20251209,000000,4.35,5.91,4.17,5.37,1861119.3331472212,0
NIVF.US,D,20251210,000000,4.32,4.41,3.99,4.23,292008.66663746577,0
NIVF.US,D,20251211,000000,3.99,4.14,3.48,3.96,140487.6666526179,0
NIVF.US,D,20251212,000000,3.48,3.63,2.79,3.15,2289713.6664376953,0
NIVF.US,D,20251215,000000,3.27,3.3,2.73,2.8179,147518.33331858148,0
NIVF.US,D,20251216,000000,2.76,2.79,2.3421,2.7237,143890.66665227758,0
NIVF.US,D,20251217,000000,2.7201,2.73,2.505,2.7,73559.6666593107,0
NIVF.US,D,20251218,000000,2.7417,2.7426,2.52,2.5866,58749.6666607917,0
NIVF.US,D,20251219,000000,2.52,2.7,2.4129,2.6934,108653.6666558013,0
NIVF.US,D,20251222,000000,2.7,2.7,2.43,2.685,61793.333327153996,0
NIVF.US,D,20251223,000000,2.6484,2.6484,2.352,2.4537,84049.66665826169,0
NIVF.US,D,20251224,000000,2.3802,2.43435,2.325,2.43,33784.3333299549,0
NIVF.US,D,20251226,000000,2.4,2.46,2.325,2.4033,31651.3333301682,0
NIVF.US,D,20251229,000000,2.2953,2.3685,2.04,2.115,116876.666654979,0
NIVF.US,D,20251230,000000,2.0514,2.1186,1.8909,2.0997,67092.6666599574,0
NIVF.US,D,20251231,000000,2.1,2.1,1.83,2.07,48026.666661863994,0
NIVF.US,D,20260102,000000,2.0769,2.0973,1.92,2.0106,63713.9999936286,0
NIVF.US,D,20260105,000000,2.0298,2.04,1.9161,2.04,61617.666660504896,0
NIVF.US,D,20260106,000000,2.04,2.0448,1.86,1.9737,65697.66666009689,0
NIVF.US,D,20260107,000000,1.9737,1.9737,1.83,1.86,52529.3333280804,0
NIVF.US,D,20260108,000000,1.854,1.89,1.785,1.89,39702.3333293631,0
NIVF.US,D,20260109,000000,1.9107,1.9611,1.77,1.7979,55143.666661152296,0
NIVF.US,D,20260112,000000,1.7937,1.7937,1.674,1.7409,47799.666661886695,0
NIVF.US,D,20260113,000000,1.7358,1.7358,1.3992,1.5528,71639.33332616939,0
NIVF.US,D,20260114,000000,1.62,1.62,1.5003,1.60008,36315.666663035096,0
NIVF.US,D,20260115,000000,1.6131,1.6221,1.4802,1.5423,46762.3333286571,0
NIVF.US,D,20260116,000000,1.5363,1.8105,1.4205,1.6785,6188839.332714449,0
NIVF.US,D,20260120,000000,1.29,1.425,1.155,1.3203,1215996.666545067,0
NIVF.US,D,20260121,000000,1.35,1.3908,1.2,1.26,745117.9999254881,0
NIVF.US,D,20260122,000000,1.32,1.53,1.32,1.5198,331227.6666335439,0
NIVF.US,D,20260123,000000,1.4172,1.5837,1.3692,1.5129,302097.3333031236,0
NIVF.US,D,20260126,000000,1.47,2.46,1.42,1.97,5174254,0
